1	3149	   0.47063	1
2	1094	   0.16350	2
3	582	   0.08698	3
4	371	   0.05545	4
5	249	   0.03721	5
6	213	   0.03183	6
7	144	   0.02152	7
8	115	   0.01719	8
9	84	   0.01255	9
10	61	   0.00912	10
11	54	   0.00807	11
12	53	   0.00792	12
13	32	   0.00478	13
14	47	   0.00702	14
15	30	   0.00448	15
16	36	   0.00538	16
17	27	   0.00404	17
18	21	   0.00314	18
19	13	   0.00194	19
20	11	   0.00164	20
21	16	   0.00239	21
22	14	   0.00209	22
23	19	   0.00284	23
24	12	   0.00179	24
25	15	   0.00224	25
26	10	   0.00149	26
27	8	   0.00120	27
28	7	   0.00105	28
29	7	   0.00105	29
30	11	   0.00164	30
31	10	   0.00149	31
32	11	   0.00164	32
33	9	   0.00135	33
34	10	   0.00149	34
35	3	   0.00045	35
36	9	   0.00135	36
37	7	   0.00105	37
38	7	   0.00105	38
39	6	   0.00090	39
40	3	   0.00045	40
41	6	   0.00090	41
42	5	   0.00075	42
43	3	   0.00045	43
44	4	   0.00060	44
45	2	   0.00030	45
46	6	   0.00090	46
47	2	   0.00030	47
48	2	   0.00030	48
49	2	   0.00030	49
50	1	   0.00015	50
51	3	   0.00045	51
52	3	   0.00045	52
53	2	   0.00030	53
54	1	   0.00015	55
55	1	   0.00015	56
56	2	   0.00030	58
57	1	   0.00015	59
58	6	   0.00090	61
59	3	   0.00045	62
60	1	   0.00015	63
61	1	   0.00015	64
62	1	   0.00015	65
63	2	   0.00030	67
64	4	   0.00060	68
65	1	   0.00015	69
66	1	   0.00015	72
67	2	   0.00030	73
68	2	   0.00030	75
69	2	   0.00030	76
70	2	   0.00030	77
71	1	   0.00015	78
72	1	   0.00015	79
73	1	   0.00015	81
74	1	   0.00015	83
75	2	   0.00030	84
76	1	   0.00015	85
77	1	   0.00015	86
78	2	   0.00030	88
79	1	   0.00015	89
80	2	   0.00030	90
81	1	   0.00015	92
82	1	   0.00015	93
83	1	   0.00015	94
84	1	   0.00015	95
85	1	   0.00015	101
86	1	   0.00015	103
87	1	   0.00015	105
88	2	   0.00030	109
89	1	   0.00015	111
90	2	   0.00030	113
91	1	   0.00015	115
92	1	   0.00015	117
93	1	   0.00015	124
94	1	   0.00015	127
95	1	   0.00015	130
96	1	   0.00015	141
97	1	   0.00015	154
98	2	   0.00030	161
99	1	   0.00015	164
100	1	   0.00015	203
101	1	   0.00015	261
