1	3149	   0.47063	1
2	1094	   0.16350	2
3	582	   0.08698	3
4	371	   0.05545	4
5	249	   0.03721	5
6	213	   0.03183	6
7	144	   0.02152	7
8	115	   0.01719	8
9	84	   0.01255	9
10	61	   0.00912	10
11	54	   0.00807	11
12	53	   0.00792	12
13	32	   0.00478	13
14	47	   0.00702	14
15	30	   0.00448	15
16	36	   0.00538	16
17	27	   0.00404	17
18	21	   0.00314	18
19	13	   0.00194	19
20	11	   0.00164	20
21	16	   0.00239	21
22	14	   0.00209	22
23	19	   0.00284	23
24	12	   0.00179	24
25	15	   0.00224	25
26	10	   0.00149	26
27	8	   0.00120	27
28	7	   0.00105	28
29	7	   0.00105	29
30	11	   0.00164	30
