1	1274	   0.50616	1
2	415	   0.16488	2
3	214	   0.08502	3
4	129	   0.05125	4
5	82	   0.03258	5
6	56	   0.02225	6
7	53	   0.02106	7
8	25	   0.00993	8
9	24	   0.00954	9
10	18	   0.00715	10
11	25	   0.00993	11
12	20	   0.00795	12
13	19	   0.00755	13
14	10	   0.00397	14
15	14	   0.00556	15
16	12	   0.00477	16
17	10	   0.00397	17
18	9	   0.00358	18
19	4	   0.00159	19
20	6	   0.00238	20
21	5	   0.00199	21
22	6	   0.00238	22
23	6	   0.00238	23
24	5	   0.00199	24
25	3	   0.00119	25
26	3	   0.00119	26
27	3	   0.00119	27
28	5	   0.00199	28
29	1	   0.00040	29
30	3	   0.00119	30
