1	567	   0.02301	liliom
2	423	   0.01716	julie
3	176	   0.00714	marie
4	169	   0.00686	ficsur
5	135	   0.00548	ll
6	121	   0.00491	muskat
7	120	   0.00487	mrs
8	107	   0.00434	yes
9	104	   0.00422	back
10	103	   0.00418	go
11	95	   0.00385	good
12	80	   0.00325	come
13	78	   0.00316	first
14	78	   0.00316	policeman
15	77	   0.00312	right
16	74	   0.00300	magistrate
17	73	   0.00296	one
18	71	   0.00288	m
19	70	   0.00284	know
20	66	   0.00268	wolf
21	66	   0.00268	hollunder
22	64	   0.00260	tell
23	63	   0.00256	like
24	60	   0.00243	re
25	59	   0.00239	get
26	57	   0.00231	louise
27	55	   0.00223	mother
28	54	   0.00219	well
29	51	   0.00207	see
30	50	   0.00203	man
