1	1277	   0.48408	1
2	418	   0.15845	2
3	218	   0.08264	3
4	130	   0.04928	4
5	85	   0.03222	5
6	57	   0.02161	6
7	56	   0.02123	7
8	26	   0.00986	8
9	28	   0.01061	9
10	19	   0.00720	10
11	27	   0.01024	11
12	22	   0.00834	12
13	21	   0.00796	13
14	11	   0.00417	14
15	16	   0.00607	15
16	12	   0.00455	16
17	12	   0.00455	17
18	9	   0.00341	18
19	5	   0.00190	19
20	7	   0.00265	20
21	6	   0.00227	21
22	6	   0.00227	22
23	7	   0.00265	23
24	5	   0.00190	24
25	3	   0.00114	25
26	4	   0.00152	26
27	6	   0.00227	27
28	6	   0.00227	28
29	1	   0.00038	29
30	4	   0.00152	30
