1	242	   0.04507	ich
2	160	   0.02980	und
3	116	   0.02161	nicht
4	110	   0.02049	sie
5	101	   0.01881	du
6	94	   0.01751	marianne
7	87	   0.01620	mir
8	83	   0.01546	fabrice
9	79	   0.01471	wilhelm
10	77	   0.01434	ist
11	68	   0.01267	s
12	66	   0.01229	er
13	65	   0.01211	es
14	65	   0.01211	so
15	64	   0.01192	der
16	63	   0.01173	wenn
17	56	   0.01043	mich
18	55	   0.01024	die
19	55	   0.01024	das
20	48	   0.00894	zu
21	46	   0.00857	ein
22	45	   0.00838	was
23	42	   0.00782	den
24	42	   0.00782	daß
25	39	   0.00726	wie
26	37	   0.00689	in
27	36	   0.00671	sich
28	36	   0.00671	ihn
29	34	   0.00633	mit
30	34	   0.00633	dir
