1	442	   0.03547	und
2	317	   0.02544	ich
3	248	   0.01990	jedermann
4	200	   0.01605	ist
5	193	   0.01549	die
6	178	   0.01428	nit
7	169	   0.01356	der
8	166	   0.01332	ein
9	154	   0.01236	das
10	154	   0.01236	mir
11	140	   0.01124	in
12	118	   0.00947	du
13	115	   0.00923	zu
14	112	   0.00899	auf
15	109	   0.00875	mich
16	96	   0.00770	mit
17	95	   0.00762	dir
18	90	   0.00722	so
19	89	   0.00714	mein
20	86	   0.00690	von
21	86	   0.00690	was
22	85	   0.00682	daß
23	82	   0.00658	dich
24	79	   0.00634	an
25	76	   0.00610	den
26	73	   0.00586	wie
27	65	   0.00522	sein
28	63	   0.00506	er
29	62	   0.00498	ihr
30	61	   0.00490	sie
