1	3150	   0.46235	1
2	1095	   0.16072	2
3	585	   0.08587	3
4	373	   0.05475	4
5	249	   0.03655	5
6	214	   0.03141	6
7	144	   0.02114	7
8	115	   0.01688	8
9	84	   0.01233	9
10	61	   0.00895	10
11	56	   0.00822	11
12	54	   0.00793	12
13	33	   0.00484	13
14	47	   0.00690	14
15	31	   0.00455	15
16	37	   0.00543	16
17	27	   0.00396	17
18	23	   0.00338	18
19	14	   0.00205	19
20	11	   0.00161	20
21	16	   0.00235	21
22	15	   0.00220	22
23	19	   0.00279	23
24	13	   0.00191	24
25	15	   0.00220	25
26	10	   0.00147	26
27	8	   0.00117	27
28	9	   0.00132	28
29	7	   0.00103	29
30	13	   0.00191	30
