1	852	   0.64643	1
2	165	   0.12519	2
3	72	   0.05463	3
4	41	   0.03111	4
5	34	   0.02580	5
6	19	   0.01442	6
7	18	   0.01366	7
8	11	   0.00835	8
9	18	   0.01366	9
10	8	   0.00607	10
11	7	   0.00531	11
12	4	   0.00303	12
13	4	   0.00303	13
14	5	   0.00379	14
15	2	   0.00152	16
16	1	   0.00076	17
17	4	   0.00303	18
18	1	   0.00076	19
19	2	   0.00152	20
20	2	   0.00152	21
21	2	   0.00152	22
22	6	   0.00455	23
23	2	   0.00152	24
24	2	   0.00152	25
25	2	   0.00152	26
26	1	   0.00076	28
27	1	   0.00076	29
28	1	   0.00076	31
29	1	   0.00076	33
30	2	   0.00152	34
