1	1625	   0.60007	1
2	415	   0.15325	2
3	175	   0.06462	3
4	97	   0.03582	4
5	76	   0.02806	5
6	47	   0.01736	6
7	24	   0.00886	7
8	25	   0.00923	8
9	16	   0.00591	9
10	22	   0.00812	10
11	12	   0.00443	11
12	18	   0.00665	12
13	8	   0.00295	13
14	5	   0.00185	14
15	12	   0.00443	15
16	4	   0.00148	16
17	2	   0.00074	17
18	6	   0.00222	18
19	5	   0.00185	19
20	3	   0.00111	20
21	7	   0.00258	21
22	5	   0.00185	22
23	2	   0.00074	23
24	5	   0.00185	24
25	1	   0.00037	25
26	4	   0.00148	26
27	5	   0.00185	27
28	5	   0.00185	28
29	2	   0.00074	29
30	4	   0.00148	30
