1	1127	   0.04573	the
2	891	   0.03615	you
3	572	   0.02321	to
4	567	   0.02301	liliom
5	553	   0.02244	i
6	525	   0.02130	a
7	513	   0.02081	and
8	423	   0.01716	julie
9	354	   0.01436	of
10	353	   0.01432	he
11	297	   0.01205	it
12	288	   0.01169	t
13	276	   0.01120	is
14	274	   0.01112	in
15	272	   0.01104	s
16	238	   0.00966	that
17	184	   0.00747	what
18	176	   0.00714	him
19	176	   0.00714	marie
20	169	   0.00686	his
21	169	   0.00686	ficsur
22	163	   0.00661	me
23	154	   0.00625	with
24	152	   0.00617	at
25	152	   0.00617	for
26	147	   0.00596	on
27	142	   0.00576	her
28	141	   0.00572	but
29	136	   0.00552	there
30	135	   0.00548	ll
