1	3812	   0.01662	er
2	3626	   0.01581	in
3	3432	   0.01496	re
4	3340	   0.01456	ed
5	2799	   0.01220	es
6	2756	   0.01202	en
7	2609	   0.01137	on
8	2505	   0.01092	ar
9	2241	   0.00977	te
10	2197	   0.00958	ng
11	2055	   0.00896	an
12	2026	   0.00883	ou
13	2017	   0.00879	nt
14	2007	   0.00875	ti
15	1928	   0.00841	ea
16	1911	   0.00833	st
17	1883	   0.00821	ne
18	1731	   0.00755	le
19	1727	   0.00753	se
20	1669	   0.00728	at
21	1666	   0.00726	co
22	1651	   0.00720	ro
23	1640	   0.00715	ve
24	1549	   0.00675	it
25	1473	   0.00642	th
26	1463	   0.00638	nd
27	1430	   0.00623	de
28	1424	   0.00621	or
29	1390	   0.00606	ri
30	1347	   0.00587	al
