1	1314	   0.02907	er
2	1238	   0.02739	en
3	1023	   0.02263	ch
4	764	   0.01690	ge
5	728	   0.01610	ei
6	611	   0.01352	te
7	596	   0.01318	an
8	508	   0.01124	st
9	507	   0.01122	de
10	453	   0.01002	in
11	451	   0.00998	re
12	427	   0.00945	nn
13	411	   0.00909	ma
14	404	   0.00894	he
15	391	   0.00865	be
16	388	   0.00858	sc
17	380	   0.00841	ht
18	374	   0.00827	ed
19	373	   0.00825	it
20	370	   0.00819	eh
21	350	   0.00774	el
22	345	   0.00763	rm
23	344	   0.00761	le
24	333	   0.00737	es
25	328	   0.00726	we
26	322	   0.00712	ll
27	314	   0.00695	se
28	299	   0.00661	ic
29	294	   0.00650	je
30	290	   0.00642	nd
