1	77	   0.15811	1
2	40	   0.08214	2
3	20	   0.04107	3
4	14	   0.02875	4
5	14	   0.02875	5
6	10	   0.02053	6
7	12	   0.02464	7
8	9	   0.01848	8
9	4	   0.00821	9
10	8	   0.01643	10
11	9	   0.01848	11
12	6	   0.01232	12
13	6	   0.01232	13
14	8	   0.01643	14
15	3	   0.00616	15
16	6	   0.01232	16
17	9	   0.01848	17
18	1	   0.00205	18
19	3	   0.00616	19
20	6	   0.01232	20
21	2	   0.00411	21
22	2	   0.00411	22
23	2	   0.00411	23
24	4	   0.00821	24
25	6	   0.01232	25
26	5	   0.01027	26
27	2	   0.00411	27
28	3	   0.00616	28
29	4	   0.00821	29
30	1	   0.00205	31
