1	52	   0.12150	1
2	23	   0.05374	2
3	13	   0.03037	3
4	9	   0.02103	4
5	7	   0.01636	5
6	9	   0.02103	6
7	11	   0.02570	7
8	2	   0.00467	8
9	6	   0.01402	9
10	4	   0.00935	10
11	2	   0.00467	11
12	5	   0.01168	12
13	4	   0.00935	13
14	1	   0.00234	14
15	5	   0.01168	15
16	3	   0.00701	17
17	2	   0.00467	18
18	2	   0.00467	19
19	5	   0.01168	20
20	1	   0.00234	21
21	2	   0.00467	22
22	1	   0.00234	23
23	3	   0.00701	24
24	1	   0.00234	25
25	5	   0.01168	27
26	2	   0.00467	28
27	2	   0.00467	29
28	3	   0.00701	30
29	5	   0.01168	31
30	3	   0.00701	32
