1	52	   0.09171	1
2	32	   0.05644	2
3	24	   0.04233	3
4	23	   0.04056	4
5	12	   0.02116	5
6	10	   0.01764	6
7	9	   0.01587	7
8	10	   0.01764	8
9	13	   0.02293	9
10	4	   0.00705	10
11	4	   0.00705	11
12	6	   0.01058	12
13	6	   0.01058	13
14	7	   0.01235	14
15	3	   0.00529	15
16	1	   0.00176	16
17	5	   0.00882	17
18	4	   0.00705	18
19	1	   0.00176	19
20	3	   0.00529	20
21	4	   0.00705	21
22	3	   0.00529	22
23	2	   0.00353	23
24	3	   0.00529	24
25	1	   0.00176	25
26	4	   0.00705	26
27	1	   0.00176	27
28	1	   0.00176	28
29	4	   0.00705	30
30	1	   0.00176	33
31	2	   0.00353	34
32	3	   0.00529	35
33	2	   0.00353	36
34	4	   0.00705	37
35	1	   0.00176	38
36	3	   0.00529	39
37	2	   0.00353	40
38	3	   0.00529	42
39	3	   0.00529	43
40	4	   0.00705	44
41	2	   0.00353	45
42	2	   0.00353	46
43	2	   0.00353	47
44	1	   0.00176	48
45	1	   0.00176	50
46	1	   0.00176	51
47	1	   0.00176	52
48	2	   0.00353	53
49	2	   0.00353	54
50	2	   0.00353	55
51	1	   0.00176	59
52	1	   0.00176	60
53	1	   0.00176	61
54	3	   0.00529	64
55	1	   0.00176	65
56	2	   0.00353	66
57	1	   0.00176	69
58	1	   0.00176	70
59	1	   0.00176	74
60	1	   0.00176	76
61	1	   0.00176	77
62	2	   0.00353	78
63	1	   0.00176	79
64	3	   0.00529	80
65	2	   0.00353	81
66	1	   0.00176	87
67	2	   0.00353	88
68	3	   0.00529	91
69	1	   0.00176	93
70	1	   0.00176	94
71	3	   0.00529	95
72	1	   0.00176	96
73	1	   0.00176	98
74	1	   0.00176	103
75	1	   0.00176	110
76	2	   0.00353	111
77	2	   0.00353	114
78	1	   0.00176	115
79	1	   0.00176	118
80	1	   0.00176	119
81	2	   0.00353	121
82	2	   0.00353	123
83	2	   0.00353	126
84	1	   0.00176	128
85	1	   0.00176	129
86	1	   0.00176	134
87	1	   0.00176	139
88	3	   0.00529	141
89	2	   0.00353	147
90	1	   0.00176	148
91	1	   0.00176	157
92	1	   0.00176	159
93	1	   0.00176	160
94	1	   0.00176	161
95	1	   0.00176	162
96	1	   0.00176	170
97	1	   0.00176	173
98	1	   0.00176	182
99	1	   0.00176	184
100	1	   0.00176	190
101	1	   0.00176	191
102	1	   0.00176	195
103	1	   0.00176	196
104	2	   0.00353	197
105	1	   0.00176	207
106	2	   0.00353	208
107	1	   0.00176	213
108	1	   0.00176	218
109	1	   0.00176	219
110	1	   0.00176	222
111	1	   0.00176	227
112	1	   0.00176	229
113	1	   0.00176	231
114	1	   0.00176	232
115	1	   0.00176	233
116	1	   0.00176	236
117	1	   0.00176	240
118	2	   0.00353	242
119	1	   0.00176	247
120	2	   0.00353	248
121	1	   0.00176	251
122	1	   0.00176	254
123	2	   0.00353	255
124	1	   0.00176	260
125	1	   0.00176	261
126	1	   0.00176	263
127	2	   0.00353	265
128	1	   0.00176	267
129	1	   0.00176	279
130	1	   0.00176	283
131	1	   0.00176	286
132	1	   0.00176	290
133	1	   0.00176	297
134	1	   0.00176	299
135	1	   0.00176	303
136	1	   0.00176	304
137	1	   0.00176	306
138	1	   0.00176	307
139	1	   0.00176	312
140	1	   0.00176	319
141	1	   0.00176	321
142	1	   0.00176	323
143	1	   0.00176	326
144	1	   0.00176	327
145	1	   0.00176	332
146	2	   0.00353	335
147	1	   0.00176	339
148	2	   0.00353	342
149	1	   0.00176	355
150	1	   0.00176	360
151	1	   0.00176	370
152	1	   0.00176	371
153	1	   0.00176	376
154	1	   0.00176	394
155	2	   0.00353	410
156	1	   0.00176	412
157	1	   0.00176	417
158	1	   0.00176	423
159	1	   0.00176	424
160	1	   0.00176	425
161	1	   0.00176	432
162	2	   0.00353	433
163	1	   0.00176	435
164	1	   0.00176	438
165	1	   0.00176	441
166	1	   0.00176	442
167	1	   0.00176	449
168	1	   0.00176	450
169	1	   0.00176	458
170	1	   0.00176	473
171	2	   0.00353	475
172	1	   0.00176	477
173	2	   0.00353	479
174	1	   0.00176	481
175	1	   0.00176	483
176	1	   0.00176	487
177	1	   0.00176	492
178	1	   0.00176	495
179	2	   0.00353	498
180	1	   0.00176	499
181	1	   0.00176	507
182	1	   0.00176	513
183	1	   0.00176	520
184	1	   0.00176	521
185	1	   0.00176	530
186	1	   0.00176	534
187	1	   0.00176	539
188	1	   0.00176	541
189	1	   0.00176	544
190	1	   0.00176	557
191	1	   0.00176	561
192	1	   0.00176	566
193	1	   0.00176	568
194	1	   0.00176	571
195	1	   0.00176	573
196	1	   0.00176	575
197	1	   0.00176	581
198	1	   0.00176	584
199	1	   0.00176	585
200	2	   0.00353	586
201	1	   0.00176	607
202	1	   0.00176	619
203	1	   0.00176	623
204	1	   0.00176	629
205	1	   0.00176	640
206	1	   0.00176	648
207	1	   0.00176	650
208	1	   0.00176	657
209	1	   0.00176	662
210	1	   0.00176	665
211	1	   0.00176	681
212	1	   0.00176	683
213	1	   0.00176	692
214	2	   0.00353	694
215	1	   0.00176	698
216	2	   0.00353	706
217	1	   0.00176	709
218	1	   0.00176	710
219	1	   0.00176	729
220	2	   0.00353	754
221	1	   0.00176	758
222	1	   0.00176	783
223	1	   0.00176	790
224	1	   0.00176	795
225	1	   0.00176	806
226	1	   0.00176	823
227	1	   0.00176	852
228	1	   0.00176	874
229	1	   0.00176	876
230	2	   0.00353	879
231	1	   0.00176	899
232	1	   0.00176	912
233	1	   0.00176	935
234	1	   0.00176	961
235	1	   0.00176	977
236	1	   0.00176	998
237	1	   0.00176	1000
238	1	   0.00176	1023
239	1	   0.00176	1026
240	2	   0.00353	1027
241	1	   0.00176	1042
242	1	   0.00176	1047
243	1	   0.00176	1057
244	1	   0.00176	1107
245	1	   0.00176	1108
246	1	   0.00176	1123
247	1	   0.00176	1202
248	1	   0.00176	1214
249	1	   0.00176	1260
250	1	   0.00176	1267
251	1	   0.00176	1328
252	1	   0.00176	1346
253	1	   0.00176	1347
254	1	   0.00176	1390
255	1	   0.00176	1424
256	1	   0.00176	1430
257	1	   0.00176	1463
258	1	   0.00176	1473
259	1	   0.00176	1549
260	1	   0.00176	1640
261	1	   0.00176	1651
262	1	   0.00176	1666
263	1	   0.00176	1669
264	1	   0.00176	1727
265	1	   0.00176	1731
266	1	   0.00176	1883
267	1	   0.00176	1911
268	1	   0.00176	1928
269	1	   0.00176	2007
270	1	   0.00176	2017
271	1	   0.00176	2026
272	1	   0.00176	2055
273	1	   0.00176	2197
274	1	   0.00176	2241
275	1	   0.00176	2505
276	1	   0.00176	2609
277	1	   0.00176	2756
278	1	   0.00176	2799
279	1	   0.00176	3340
280	1	   0.00176	3432
281	1	   0.00176	3626
282	1	   0.00176	3812
