1	3812	   0.01662	er
2	3626	   0.01581	in
3	3432	   0.01496	re
4	3340	   0.01456	ed
5	2799	   0.01220	es
6	2756	   0.01202	en
7	2609	   0.01137	on
8	2505	   0.01092	ar
9	2241	   0.00977	te
10	2197	   0.00958	ng
11	2055	   0.00896	an
12	2026	   0.00883	ou
13	2017	   0.00879	nt
14	2007	   0.00875	ti
15	1928	   0.00841	ea
16	1911	   0.00833	st
17	1883	   0.00821	ne
18	1731	   0.00755	le
19	1727	   0.00753	se
20	1669	   0.00728	at
21	1666	   0.00726	co
22	1651	   0.00720	ro
23	1640	   0.00715	ve
24	1549	   0.00675	it
25	1473	   0.00642	th
26	1463	   0.00638	nd
27	1430	   0.00623	de
28	1424	   0.00621	or
29	1390	   0.00606	ri
30	1347	   0.00587	al
31	1346	   0.00587	ma
32	1328	   0.00579	me
33	1267	   0.00552	ce
34	1260	   0.00549	la
35	1214	   0.00529	ly
36	1202	   0.00524	ra
37	1123	   0.00490	us
38	1108	   0.00483	ur
39	1107	   0.00483	he
40	1057	   0.00461	ll
41	1047	   0.00456	pe
42	1042	   0.00454	un
43	1027	   0.00448	pr
44	1027	   0.00448	ee
45	1026	   0.00447	io
46	1023	   0.00446	et
47	1000	   0.00436	ul
48	998	   0.00435	el
49	977	   0.00426	rs
50	961	   0.00419	li
51	935	   0.00408	ie
52	912	   0.00398	tr
53	899	   0.00392	ta
54	879	   0.00383	ho
55	879	   0.00383	si
56	876	   0.00382	as
57	874	   0.00381	ch
58	852	   0.00371	ac
59	823	   0.00359	il
60	806	   0.00351	ns
61	795	   0.00347	be
62	790	   0.00344	ow
63	783	   0.00341	ge
64	758	   0.00330	di
65	754	   0.00329	ca
66	754	   0.00329	is
67	729	   0.00318	ic
68	710	   0.00310	ld
69	709	   0.00309	nc
70	706	   0.00308	ss
71	706	   0.00308	rt
72	698	   0.00304	su
73	694	   0.00303	gh
74	694	   0.00303	gr
75	692	   0.00302	ev
76	683	   0.00298	ai
77	681	   0.00297	hi
78	665	   0.00290	om
79	662	   0.00289	ke
80	657	   0.00286	ec
81	650	   0.00283	ts
82	648	   0.00283	so
83	640	   0.00279	fi
84	629	   0.00274	we
85	623	   0.00272	ad
86	619	   0.00270	lo
87	607	   0.00265	pl
88	586	   0.00255	ol
89	586	   0.00255	ty
90	585	   0.00255	ha
91	584	   0.00255	fe
92	581	   0.00253	ct
93	575	   0.00251	mi
94	573	   0.00250	bl
95	571	   0.00249	fa
96	568	   0.00248	po
97	566	   0.00247	oo
98	561	   0.00245	ry
99	557	   0.00243	ab
100	544	   0.00237	im
101	541	   0.00236	sh
102	539	   0.00235	mo
103	534	   0.00233	wo
104	530	   0.00231	ir
105	521	   0.00227	to
106	520	   0.00227	tt
107	513	   0.00224	iv
108	507	   0.00221	fo
109	499	   0.00218	rd
110	498	   0.00217	os
111	498	   0.00217	qu
112	495	   0.00216	ot
113	492	   0.00214	ui
114	487	   0.00212	pa
115	483	   0.00211	ig
116	481	   0.00210	ni
117	479	   0.00209	no
118	479	   0.00209	uc
119	477	   0.00208	ay
120	475	   0.00207	cr
121	475	   0.00207	ap
122	473	   0.00206	id
123	458	   0.00200	ds
124	450	   0.00196	ug
125	449	   0.00196	wi
126	442	   0.00193	am
127	441	   0.00192	em
128	438	   0.00191	sa
129	435	   0.00190	nu
130	433	   0.00189	ci
131	433	   0.00189	tu
132	432	   0.00188	ex
133	425	   0.00185	cu
134	424	   0.00185	od
135	423	   0.00184	ru
136	417	   0.00182	op
137	412	   0.00180	rm
138	410	   0.00179	ut
139	410	   0.00179	rr
140	394	   0.00172	wa
141	376	   0.00164	vi
142	371	   0.00162	ua
143	370	   0.00161	mp
144	360	   0.00157	fr
145	355	   0.00155	tl
146	342	   0.00149	bo
147	342	   0.00149	ck
148	339	   0.00148	va
149	335	   0.00146	sp
150	335	   0.00146	ag
151	332	   0.00145	bu
152	327	   0.00143	rn
153	326	   0.00142	if
154	323	   0.00141	ye
155	321	   0.00140	lt
156	319	   0.00139	ht
157	312	   0.00136	pi
158	307	   0.00134	ov
159	306	   0.00133	pp
160	304	   0.00133	ep
161	303	   0.00132	hu
162	299	   0.00130	ga
163	297	   0.00129	rk
164	290	   0.00126	ba
165	286	   0.00125	ew
166	283	   0.00123	do
167	279	   0.00122	lu
168	267	   0.00116	av
169	265	   0.00116	cl
170	265	   0.00116	fu
171	263	   0.00115	na
172	261	   0.00114	ki
173	260	   0.00113	ak
174	255	   0.00111	um
175	255	   0.00111	da
176	254	   0.00111	du
177	251	   0.00109	go
178	248	   0.00108	mu
179	248	   0.00108	up
180	247	   0.00108	ei
181	242	   0.00106	eg
182	242	   0.00106	00
183	240	   0.00105	ue
184	236	   0.00103	ia
185	233	   0.00102	gi
186	232	   0.00101	pt
187	231	   0.00101	pu
188	229	   0.00100	wh
189	227	   0.00099	ef
190	222	   0.00097	tw
191	219	   0.00095	dr
192	218	   0.00095	cc
193	213	   0.00093	ls
194	208	   0.00091	rg
195	208	   0.00091	oc
196	207	   0.00090	ff
197	197	   0.00086	oi
198	197	   0.00086	aw
199	196	   0.00085	rc
200	195	   0.00085	rl
201	191	   0.00083	nn
202	190	   0.00083	sc
203	184	   0.00080	of
204	182	   0.00079	ny
205	173	   0.00075	gs
206	170	   0.00074	br
207	162	   0.00071	xp
208	161	   0.00070	wn
209	160	   0.00070	ub
210	159	   0.00069	gl
211	157	   0.00068	ey
212	148	   0.00065	oa
213	147	   0.00064	mm
214	147	   0.00064	ip
215	141	   0.00061	mb
216	141	   0.00061	eq
217	141	   0.00061	ob
218	139	   0.00061	hr
219	134	   0.00058	ok
220	129	   0.00056	ft
221	128	   0.00056	ze
222	126	   0.00055	ib
223	126	   0.00055	iz
224	123	   0.00054	sm
225	123	   0.00054	xt
226	121	   0.00053	bi
227	121	   0.00053	ys
228	119	   0.00052	nv
229	118	   0.00051	kn
230	115	   0.00050	rv
231	114	   0.00050	ps
232	114	   0.00050	au
233	111	   0.00048	ud
234	111	   0.00048	yi
235	110	   0.00048	nk
236	103	   0.00045	af
237	98	   0.00043	ph
238	96	   0.00042	sl
239	95	   0.00041	’s
240	95	   0.00041	vo
241	95	   0.00041	gu
242	94	   0.00041	rp
243	93	   0.00041	bs
244	91	   0.00040	yo
245	91	   0.00040	ks
246	91	   0.00040	fl
247	88	   0.00038	nf
248	88	   0.00038	je
249	87	   0.00038	lk
250	81	   0.00035	ws
251	81	   0.00035	rf
252	80	   0.00035	wb
253	80	   0.00035	ix
254	80	   0.00035	dl
255	79	   0.00034	bt
256	78	   0.00034	dd
257	78	   0.00034	ms
258	77	   0.00034	dy
259	76	   0.00033	oe
260	74	   0.00032	xc
261	70	   0.00031	gg
262	69	   0.00030	lf
263	66	   0.00029	ik
264	66	   0.00029	sk
265	65	   0.00028	oy
266	64	   0.00028	og
267	64	   0.00028	wt
268	64	   0.00028	eb
269	61	   0.00027	xe
270	60	   0.00026	lv
271	59	   0.00026	ek
272	55	   0.00024	lr
273	55	   0.00024	ya
274	54	   0.00024	nl
275	54	   0.00024	tc
276	53	   0.00023	xi
277	53	   0.00023	tm
278	52	   0.00023	hb
279	51	   0.00022	sf
280	50	   0.00022	uf
281	48	   0.00021	lw
282	47	   0.00020	dv
283	47	   0.00020	ju
284	46	   0.00020	eo
285	46	   0.00020	sw
286	45	   0.00020	hl
287	45	   0.00020	ox
288	44	   0.00019	lm
289	44	   0.00019	gn
290	44	   0.00019	hs
291	44	   0.00019	$1
292	43	   0.00019	sy
293	43	   0.00019	xa
294	43	   0.00019	bb
295	42	   0.00018	dg
296	42	   0.00018	lp
297	42	   0.00018	jo
298	40	   0.00017	iq
299	40	   0.00017	$2
300	39	   0.00017	wr
301	39	   0.00017	pb
302	39	   0.00017	cy
303	38	   0.00017	uy
304	37	   0.00016	kb
305	37	   0.00016	20
306	37	   0.00016	r’
307	37	   0.00016	rh
308	36	   0.00016	dm
309	36	   0.00016	bj
310	35	   0.00015	rb
311	35	   0.00015	nq
312	35	   0.00015	50
313	34	   0.00015	wl
314	34	   0.00015	ka
315	33	   0.00014	my
316	30	   0.00013	ii
317	30	   0.00013	10
318	30	   0.00013	ym
319	30	   0.00013	kl
320	28	   0.00012	rw
321	27	   0.00012	hy
322	26	   0.00011	60
323	26	   0.00011	s’
324	26	   0.00011	cq
325	26	   0.00011	uo
326	25	   0.00011	py
327	24	   0.00010	mf
328	24	   0.00010	12
329	24	   0.00010	sn
330	23	   0.00010	nj
331	23	   0.00010	ux
332	22	   0.00010	gt
333	22	   0.00010	xu
334	22	   0.00010	25
335	21	   0.00009	18
336	21	   0.00009	30
337	21	   0.00009	hm
338	21	   0.00009	$3
339	20	   0.00009	wd
340	20	   0.00009	eh
341	20	   0.00009	nm
342	19	   0.00008	40
343	18	   0.00008	dn
344	18	   0.00008	zi
345	18	   0.00008	sq
346	18	   0.00008	80
347	17	   0.00007	dw
348	17	   0.00007	n’
349	17	   0.00007	fy
350	17	   0.00007	vy
351	17	   0.00007	az
352	16	   0.00007	mn
353	15	   0.00007	xh
354	15	   0.00007	lc
355	15	   0.00007	np
356	14	   0.00006	nr
357	14	   0.00006	nx
358	14	   0.00006	ln
359	14	   0.00006	e’
360	14	   0.00006	85
361	14	   0.00006	lb
362	14	   0.00006	$6
363	13	   0.00006	ja
364	13	   0.00006	yl
365	13	   0.00006	kf
366	13	   0.00006	oz
367	13	   0.00006	$8
368	13	   0.00006	$4
369	12	   0.00005	xx
370	12	   0.00005	nh
371	12	   0.00005	lg
372	12	   0.00005	za
373	12	   0.00005	$5
374	12	   0.00005	06
375	11	   0.00005	xv
376	11	   0.00005	tf
377	11	   0.00005	iu
378	11	   0.00005	70
379	10	   0.00004	md
380	10	   0.00004	cs
381	10	   0.00004	eu
382	10	   0.00004	hw
383	9	   0.00004	k’
384	9	   0.00004	15
385	9	   0.00004	13
386	9	   0.00004	gm
387	9	   0.00004	yb
388	9	   0.00004	55
389	9	   0.00004	sb
390	9	   0.00004	ky
391	9	   0.00004	ao
392	9	   0.00004	ah
393	9	   0.00004	gy
394	9	   0.00004	$7
395	9	   0.00004	dj
396	8	   0.00003	86
397	8	   0.00003	14
398	8	   0.00003	21
399	8	   0.00003	24
400	8	   0.00003	57
401	8	   0.00003	ej
402	8	   0.00003	08
403	8	   0.00003	tn
404	8	   0.00003	75
405	8	   0.00003	45
406	7	   0.00003	22
407	7	   0.00003	vu
408	7	   0.00003	nw
409	7	   0.00003	34
410	7	   0.00003	36
411	7	   0.00003	yw
412	7	   0.00003	“t
413	7	   0.00003	26
414	7	   0.00003	58
415	6	   0.00003	hf
416	6	   0.00003	oq
417	6	   0.00003	hn
418	6	   0.00003	oh
419	6	   0.00003	y’
420	6	   0.00003	’t
421	6	   0.00003	tb
422	6	   0.00003	19
423	6	   0.00003	90
424	6	   0.00003	02
425	5	   0.00002	37
426	5	   0.00002	38
427	5	   0.00002	83
428	5	   0.00002	84
429	5	   0.00002	dh
430	5	   0.00002	nb
431	5	   0.00002	54
432	5	   0.00002	d’
433	5	   0.00002	“i
434	5	   0.00002	72
435	5	   0.00002	$9
436	5	   0.00002	2½
437	4	   0.00002	42
438	4	   0.00002	11
439	4	   0.00002	48
440	4	   0.00002	67
441	4	   0.00002	23
442	4	   0.00002	kr
443	4	   0.00002	fs
444	4	   0.00002	tg
445	4	   0.00002	sd
446	4	   0.00002	zz
447	4	   0.00002	ko
448	4	   0.00002	04
449	4	   0.00002	56
450	4	   0.00002	28
451	4	   0.00002	pk
452	4	   0.00002	t’
453	4	   0.00002	82
454	4	   0.00002	79
455	4	   0.00002	35
456	4	   0.00002	aj
457	4	   0.00002	59
458	4	   0.00002	09
459	4	   0.00002	73
460	3	   0.00001	52
461	3	   0.00001	41
462	3	   0.00001	16
463	3	   0.00001	17
464	3	   0.00001	wy
465	3	   0.00001	ax
466	3	   0.00001	ml
467	3	   0.00001	“h
468	3	   0.00001	“o
469	3	   0.00001	mr
470	3	   0.00001	ez
471	3	   0.00001	bd
472	3	   0.00001	&c
473	3	   0.00001	46
474	3	   0.00001	33
475	3	   0.00001	yp
476	3	   0.00001	63
477	3	   0.00001	01
478	3	   0.00001	pw
479	3	   0.00001	92
480	3	   0.00001	44
481	3	   0.00001	03
482	3	   0.00001	61
483	3	   0.00001	“a
484	2	   0.00001	dc
485	2	   0.00001	29
486	2	   0.00001	53
487	2	   0.00001	69
488	2	   0.00001	76
489	2	   0.00001	zo
490	2	   0.00001	“f
491	2	   0.00001	zl
492	2	   0.00001	df
493	2	   0.00001	“w
494	2	   0.00001	g’
495	2	   0.00001	o’
496	2	   0.00001	’c
497	2	   0.00001	uu
498	2	   0.00001	by
499	2	   0.00001	sg
500	2	   0.00001	w’
501	2	   0.00001	bm
502	2	   0.00001	“g
503	2	   0.00001	yd
504	2	   0.00001	m’
505	2	   0.00001	gw
506	2	   0.00001	væ
507	2	   0.00001	68
508	2	   0.00001	49
509	2	   0.00001	91
510	2	   0.00001	1s
511	2	   0.00001	uv
512	2	   0.00001	h’
513	2	   0.00001	db
514	2	   0.00001	pn
515	2	   0.00001	07
516	1	   0.00000	lx
517	1	   0.00000	64
518	1	   0.00000	98
519	1	   0.00000	31
520	1	   0.00000	77
521	1	   0.00000	88
522	1	   0.00000	wu
523	1	   0.00000	oj
524	1	   0.00000	sr
525	1	   0.00000	yh
526	1	   0.00000	l’
527	1	   0.00000	hh
528	1	   0.00000	zy
529	1	   0.00000	yt
530	1	   0.00000	wm
531	1	   0.00000	km
532	1	   0.00000	“y
533	1	   0.00000	yc
534	1	   0.00000	“e
535	1	   0.00000	rq
536	1	   0.00000	xq
537	1	   0.00000	mt
538	1	   0.00000	43
539	1	   0.00000	kc
540	1	   0.00000	hd
541	1	   0.00000	“n
542	1	   0.00000	94
543	1	   0.00000	89
544	1	   0.00000	96
545	1	   0.00000	81
546	1	   0.00000	32
547	1	   0.00000	27
548	1	   0.00000	bv
549	1	   0.00000	71
550	1	   0.00000	dt
551	1	   0.00000	rô
552	1	   0.00000	ôl
553	1	   0.00000	yg
554	1	   0.00000	3½
555	1	   0.00000	62
556	1	   0.00000	87
557	1	   0.00000	yn
558	1	   0.00000	mc
559	1	   0.00000	e”
560	1	   0.00000	“s
561	1	   0.00000	i’
562	1	   0.00000	’v
563	1	   0.00000	yr
564	1	   0.00000	wf
565	1	   0.00000	ih
566	1	   0.00000	yz
567	1	   0.00000	hp
