1	61	   0.15136	1
2	33	   0.08189	2
3	27	   0.06700	3
4	19	   0.04715	4
5	19	   0.04715	5
6	8	   0.01985	6
7	21	   0.05211	7
8	4	   0.00993	8
9	9	   0.02233	9
10	9	   0.02233	10
11	8	   0.01985	11
12	8	   0.01985	12
13	9	   0.02233	13
14	5	   0.01241	14
15	7	   0.01737	15
16	11	   0.02730	16
17	4	   0.00993	17
18	1	   0.00248	18
19	3	   0.00744	19
20	6	   0.01489	20
21	4	   0.00993	21
22	6	   0.01489	22
23	2	   0.00496	23
24	2	   0.00496	24
25	2	   0.00496	25
26	3	   0.00744	26
27	5	   0.01241	27
28	5	   0.01241	28
29	4	   0.00993	29
30	4	   0.00993	30
31	3	   0.00744	31
32	3	   0.00744	32
33	3	   0.00744	33
34	2	   0.00496	34
35	1	   0.00248	36
36	3	   0.00744	37
37	1	   0.00248	39
38	3	   0.00744	41
39	1	   0.00248	43
40	1	   0.00248	45
41	2	   0.00496	46
42	3	   0.00744	47
43	1	   0.00248	48
44	3	   0.00744	50
45	1	   0.00248	51
46	1	   0.00248	52
47	1	   0.00248	53
48	2	   0.00496	55
49	2	   0.00496	56
50	2	   0.00496	58
51	2	   0.00496	59
52	1	   0.00248	60
53	1	   0.00248	62
54	1	   0.00248	63
55	1	   0.00248	65
56	1	   0.00248	68
57	1	   0.00248	69
58	1	   0.00248	72
59	1	   0.00248	75
60	1	   0.00248	77
61	1	   0.00248	80
62	2	   0.00496	81
63	1	   0.00248	87
64	3	   0.00744	88
65	1	   0.00248	91
66	1	   0.00248	92
67	1	   0.00248	98
68	1	   0.00248	103
69	1	   0.00248	104
70	1	   0.00248	106
71	2	   0.00496	107
72	1	   0.00248	111
73	1	   0.00248	113
74	1	   0.00248	116
75	1	   0.00248	118
76	1	   0.00248	120
77	1	   0.00248	127
78	1	   0.00248	139
79	1	   0.00248	143
80	2	   0.00496	147
81	1	   0.00248	148
82	1	   0.00248	155
83	1	   0.00248	158
84	1	   0.00248	163
85	2	   0.00496	167
86	1	   0.00248	169
87	1	   0.00248	173
88	1	   0.00248	186
89	1	   0.00248	198
90	1	   0.00248	214
91	1	   0.00248	230
92	1	   0.00248	235
93	1	   0.00248	285
94	1	   0.00248	286
95	1	   0.00248	299
96	1	   0.00248	375
97	1	   0.00248	440
98	1	   0.00248	584
