1	584	   0.02994	en
2	440	   0.02256	er
3	375	   0.01922	ch
4	299	   0.01533	ge
5	286	   0.01466	he
6	285	   0.01461	te
7	235	   0.01205	ri
8	230	   0.01179	an
9	214	   0.01097	ei
10	198	   0.01015	ic
11	186	   0.00954	st
12	173	   0.00887	ie
13	169	   0.00866	ne
14	167	   0.00856	ma
15	167	   0.00856	li
16	163	   0.00836	be
17	158	   0.00810	ar
18	155	   0.00795	el
19	148	   0.00759	br
20	147	   0.00754	nn
21	147	   0.00754	de
22	143	   0.00733	le
23	139	   0.00713	sc
24	127	   0.00651	ab
25	120	   0.00615	re
26	118	   0.00605	nd
27	116	   0.00595	wi
28	113	   0.00579	il
29	111	   0.00569	eb
30	107	   0.00549	es
31	107	   0.00549	in
32	106	   0.00543	fa
33	104	   0.00533	eh
34	103	   0.00528	ht
35	98	   0.00502	ia
36	92	   0.00472	au
37	91	   0.00466	se
38	88	   0.00451	ha
39	88	   0.00451	me
40	88	   0.00451	al
41	87	   0.00446	ce
42	81	   0.00415	lh
43	81	   0.00415	un
44	80	   0.00410	lm
45	77	   0.00395	we
46	75	   0.00384	ng
47	72	   0.00369	mm
48	69	   0.00354	ll
49	68	   0.00349	ag
50	65	   0.00333	it
51	63	   0.00323	la
52	62	   0.00318	rt
53	60	   0.00308	sa
54	59	   0.00302	ve
55	59	   0.00302	hl
56	58	   0.00297	ig
57	58	   0.00297	ra
58	56	   0.00287	lt
59	56	   0.00287	ut
60	55	   0.00282	tt
61	55	   0.00282	ck
62	53	   0.00272	ns
63	52	   0.00267	hr
64	51	   0.00261	wo
65	50	   0.00256	ga
66	50	   0.00256	ac
67	50	   0.00256	ru
68	48	   0.00246	nt
69	47	   0.00241	us
70	47	   0.00241	ni
71	47	   0.00241	rl
72	46	   0.00236	ze
73	46	   0.00236	ke
74	45	   0.00231	eg
75	43	   0.00220	im
76	41	   0.00210	et
77	41	   0.00210	ft
78	41	   0.00210	or
79	39	   0.00200	rz
80	37	   0.00190	rs
81	37	   0.00190	rn
82	37	   0.00190	gl
83	36	   0.00185	zu
84	34	   0.00174	tr
85	34	   0.00174	ud
86	33	   0.00169	ko
87	33	   0.00169	gt
88	33	   0.00169	ss
89	32	   0.00164	fr
90	32	   0.00164	wa
91	32	   0.00164	tu
92	31	   0.00159	üc
93	31	   0.00159	eu
94	31	   0.00159	hi
95	30	   0.00154	ol
96	30	   0.00154	kl
97	30	   0.00154	mu
98	30	   0.00154	ed
99	29	   0.00149	oh
100	29	   0.00149	nz
101	29	   0.00149	at
102	29	   0.00149	na
103	28	   0.00144	hm
104	28	   0.00144	ti
105	28	   0.00144	uß
106	28	   0.00144	fe
107	28	   0.00144	as
108	27	   0.00138	so
109	27	   0.00138	on
110	27	   0.00138	gu
111	27	   0.00138	ah
112	27	   0.00138	si
113	26	   0.00133	ta
114	26	   0.00133	rg
115	26	   0.00133	da
116	25	   0.00128	ef
117	25	   0.00128	ho
118	24	   0.00123	is
119	24	   0.00123	bt
120	23	   0.00118	um
121	23	   0.00118	ßt
122	22	   0.00113	rü
123	22	   0.00113	üh
124	22	   0.00113	nk
125	22	   0.00113	iß
126	22	   0.00113	hä
127	22	   0.00113	tz
128	21	   0.00108	ib
129	21	   0.00108	ew
130	21	   0.00108	pf
131	21	   0.00108	ät
132	20	   0.00103	uf
133	20	   0.00103	ec
134	20	   0.00103	af
135	20	   0.00103	ur
136	20	   0.00103	bl
137	20	   0.00103	fü
138	19	   0.00097	üb
139	19	   0.00097	am
140	19	   0.00097	rb
141	18	   0.00092	ff
142	17	   0.00087	hw
143	17	   0.00087	ls
144	17	   0.00087	är
145	17	   0.00087	ug
146	16	   0.00082	gi
147	16	   0.00082	om
148	16	   0.00082	ot
149	16	   0.00082	hn
150	16	   0.00082	bi
151	16	   0.00082	ub
152	16	   0.00082	gs
153	16	   0.00082	ld
154	16	   0.00082	lü
155	16	   0.00082	em
156	16	   0.00082	nb
157	15	   0.00077	sp
158	15	   0.00077	oc
159	15	   0.00077	ir
160	15	   0.00077	ts
161	15	   0.00077	lä
162	15	   0.00077	hö
163	15	   0.00077	rr
164	14	   0.00072	zi
165	14	   0.00072	id
166	14	   0.00072	rf
167	14	   0.00072	di
168	14	   0.00072	nc
169	13	   0.00067	ka
170	13	   0.00067	ue
171	13	   0.00067	äh
172	13	   0.00067	än
173	13	   0.00067	rd
174	13	   0.00067	ro
175	13	   0.00067	wä
176	13	   0.00067	bs
177	13	   0.00067	rk
178	12	   0.00062	rä
179	12	   0.00062	äg
180	12	   0.00062	mt
181	12	   0.00062	dr
182	12	   0.00062	ba
183	12	   0.00062	ür
184	12	   0.00062	to
185	12	   0.00062	mö
186	11	   0.00056	pa
187	11	   0.00056	rw
188	11	   0.00056	uc
189	11	   0.00056	of
190	11	   0.00056	hs
191	11	   0.00056	lo
192	11	   0.00056	rm
193	11	   0.00056	nh
194	10	   0.00051	ul
195	10	   0.00051	vo
196	10	   0.00051	gr
197	10	   0.00051	ße
198	10	   0.00051	wü
199	10	   0.00051	ja
200	10	   0.00051	aß
201	10	   0.00051	ör
202	10	   0.00051	ön
203	9	   0.00046	kt
204	9	   0.00046	go
205	9	   0.00046	ku
206	9	   0.00046	du
207	9	   0.00046	ad
208	9	   0.00046	wu
209	9	   0.00046	nu
210	9	   0.00046	mä
211	9	   0.00046	fi
212	8	   0.00041	dc
213	8	   0.00041	kn
214	8	   0.00041	rh
215	8	   0.00041	zt
216	7	   0.00036	lb
217	7	   0.00036	ju
218	7	   0.00036	op
219	7	   0.00036	zä
220	7	   0.00036	fo
221	7	   0.00036	oß
222	7	   0.00036	üß
223	7	   0.00036	if
224	7	   0.00036	fs
225	7	   0.00036	ün
226	7	   0.00036	uh
227	7	   0.00036	nü
228	7	   0.00036	ki
229	7	   0.00036	tä
230	7	   0.00036	ks
231	7	   0.00036	dl
232	7	   0.00036	ög
233	7	   0.00036	mü
234	7	   0.00036	ms
235	7	   0.00036	rc
236	7	   0.00036	mp
237	6	   0.00031	lf
238	6	   0.00031	th
239	6	   0.00031	mi
240	6	   0.00031	äu
241	6	   0.00031	aa
242	6	   0.00031	ee
243	6	   0.00031	bh
244	6	   0.00031	üt
245	5	   0.00026	pi
246	5	   0.00026	ds
247	5	   0.00026	vi
248	5	   0.00026	fu
249	5	   0.00026	tw
250	5	   0.00026	kü
251	5	   0.00026	ob
252	5	   0.00026	pr
253	5	   0.00026	ek
254	5	   0.00026	tl
255	5	   0.00026	öc
256	5	   0.00026	os
257	5	   0.00026	tü
258	5	   0.00026	eß
259	5	   0.00026	äd
260	5	   0.00026	kä
261	5	   0.00026	bö
262	5	   0.00026	ös
263	5	   0.00026	nä
264	4	   0.00021	pe
265	4	   0.00021	lu
266	4	   0.00021	nw
267	4	   0.00021	äl
268	4	   0.00021	fn
269	4	   0.00021	hü
270	4	   0.00021	nf
271	4	   0.00021	bg
272	4	   0.00021	dü
273	4	   0.00021	hu
274	4	   0.00021	äf
275	4	   0.00021	ih
276	4	   0.00021	pl
277	4	   0.00021	qu
278	4	   0.00021	ua
279	4	   0.00021	gg
280	4	   0.00021	äs
281	4	   0.00021	kö
282	4	   0.00021	sg
283	3	   0.00015	no
284	3	   0.00015	za
285	3	   0.00015	bu
286	3	   0.00015	nv
287	3	   0.00015	nl
288	3	   0.00015	öp
289	3	   0.00015	hh
290	3	   0.00015	sl
291	3	   0.00015	üd
292	3	   0.00015	nm
293	3	   0.00015	üm
294	3	   0.00015	sz
295	3	   0.00015	tö
296	3	   0.00015	sh
297	3	   0.00015	lg
298	3	   0.00015	ln
299	3	   0.00015	fl
300	3	   0.00015	dt
301	3	   0.00015	gd
302	3	   0.00015	po
303	3	   0.00015	lc
304	3	   0.00015	az
305	3	   0.00015	ev
306	3	   0.00015	kr
307	3	   0.00015	gk
308	3	   0.00015	äc
309	3	   0.00015	üg
310	2	   0.00010	fm
311	2	   0.00010	pu
312	2	   0.00010	zw
313	2	   0.00010	su
314	2	   0.00010	ßb
315	2	   0.00010	ßc
316	2	   0.00010	äm
317	2	   0.00010	äß
318	2	   0.00010	bo
319	2	   0.00010	ui
320	2	   0.00010	td
321	2	   0.00010	üp
322	2	   0.00010	kb
323	2	   0.00010	öf
324	2	   0.00010	je
325	2	   0.00010	vä
326	2	   0.00010	od
327	2	   0.00010	nr
328	2	   0.00010	iz
329	2	   0.00010	sü
330	2	   0.00010	aw
331	2	   0.00010	fk
332	2	   0.00010	lk
333	2	   0.00010	zc
334	2	   0.00010	hy
335	2	   0.00010	yp
336	2	   0.00010	ml
337	2	   0.00010	tm
338	2	   0.00010	fä
339	2	   0.00010	hk
340	2	   0.00010	gn
341	2	   0.00010	og
342	2	   0.00010	kh
343	1	   0.00005	17
344	1	   0.00005	77
345	1	   0.00005	76
346	1	   0.00005	ak
347	1	   0.00005	jo
348	1	   0.00005	fg
349	1	   0.00005	oe
350	1	   0.00005	sb
351	1	   0.00005	bü
352	1	   0.00005	ap
353	1	   0.00005	uk
354	1	   0.00005	ez
355	1	   0.00005	mo
356	1	   0.00005	do
357	1	   0.00005	pp
358	1	   0.00005	sd
359	1	   0.00005	sä
360	1	   0.00005	ex
361	1	   0.00005	xi
362	1	   0.00005	up
363	1	   0.00005	bm
364	1	   0.00005	fz
365	1	   0.00005	rj
366	1	   0.00005	jü
367	1	   0.00005	va
368	1	   0.00005	av
369	1	   0.00005	nö
370	1	   0.00005	öt
371	1	   0.00005	sw
372	1	   0.00005	hb
373	1	   0.00005	tc
374	1	   0.00005	mz
375	1	   0.00005	bn
376	1	   0.00005	mc
377	1	   0.00005	fw
378	1	   0.00005	sm
379	1	   0.00005	üs
380	1	   0.00005	öß
381	1	   0.00005	lz
382	1	   0.00005	rv
383	1	   0.00005	mn
384	1	   0.00005	fc
385	1	   0.00005	hd
386	1	   0.00005	dä
387	1	   0.00005	io
388	1	   0.00005	ow
389	1	   0.00005	pä
390	1	   0.00005	tg
391	1	   0.00005	gö
392	1	   0.00005	gü
393	1	   0.00005	gw
394	1	   0.00005	dn
395	1	   0.00005	zo
396	1	   0.00005	lö
397	1	   0.00005	mf
398	1	   0.00005	dh
399	1	   0.00005	gf
400	1	   0.00005	gä
401	1	   0.00005	ny
402	1	   0.00005	bä
403	1	   0.00005	kg
