1	1314	   0.02907	er
2	1238	   0.02739	en
3	1023	   0.02263	ch
4	764	   0.01690	ge
5	728	   0.01610	ei
6	611	   0.01352	te
7	596	   0.01318	an
8	508	   0.01124	st
9	507	   0.01122	de
10	453	   0.01002	in
11	451	   0.00998	re
12	427	   0.00945	nn
13	411	   0.00909	ma
14	404	   0.00894	he
15	391	   0.00865	be
16	388	   0.00858	sc
17	380	   0.00841	ht
18	374	   0.00827	ed
19	373	   0.00825	it
20	370	   0.00819	eh
21	350	   0.00774	el
22	345	   0.00763	rm
23	344	   0.00761	le
24	333	   0.00737	es
25	328	   0.00726	we
26	322	   0.00712	ll
27	314	   0.00695	se
28	299	   0.00661	ic
29	294	   0.00650	je
30	290	   0.00642	nd
31	275	   0.00608	ie
32	263	   0.00582	tt
33	258	   0.00571	li
34	254	   0.00562	au
35	252	   0.00557	ha
36	247	   0.00546	ng
37	242	   0.00535	ni
38	235	   0.00520	ne
39	225	   0.00498	et
40	224	   0.00496	ar
41	208	   0.00460	al
42	201	   0.00445	ve
43	200	   0.00442	un
44	196	   0.00434	me
45	195	   0.00431	ke
46	181	   0.00400	rt
47	179	   0.00396	ut
48	172	   0.00380	hr
49	168	   0.00372	la
50	168	   0.00372	ri
51	168	   0.00372	eb
52	166	   0.00367	ra
53	152	   0.00336	ns
54	152	   0.00336	mm
55	151	   0.00334	lt
56	148	   0.00327	hl
57	148	   0.00327	tr
58	147	   0.00325	ec
59	140	   0.00310	is
60	138	   0.00305	or
61	138	   0.00305	ig
62	134	   0.00296	hi
63	127	   0.00281	eu
64	125	   0.00277	fr
65	124	   0.00274	ac
66	120	   0.00265	il
67	117	   0.00259	fe
68	115	   0.00254	gl
69	109	   0.00241	si
70	107	   0.00237	ck
71	107	   0.00237	hn
72	106	   0.00234	ag
73	102	   0.00226	mu
74	102	   0.00226	us
75	100	   0.00221	uf
76	98	   0.00217	ot
77	96	   0.00212	rs
78	96	   0.00212	ft
79	94	   0.00208	ls
80	94	   0.00208	wo
81	93	   0.00206	wi
82	92	   0.00204	da
83	92	   0.00204	oh
84	91	   0.00201	sa
85	90	   0.00199	ze
86	89	   0.00197	ld
87	89	   0.00197	as
88	88	   0.00195	ga
89	88	   0.00195	eg
90	88	   0.00195	ru
91	87	   0.00192	di
92	85	   0.00188	nt
93	84	   0.00186	on
94	83	   0.00184	rk
95	82	   0.00181	wa
96	81	   0.00179	ti
97	80	   0.00177	na
98	80	   0.00177	sp
99	79	   0.00175	af
100	79	   0.00175	ah
101	78	   0.00173	ta
102	77	   0.00170	ol
103	77	   0.00170	om
104	76	   0.00168	rn
105	75	   0.00166	ts
106	75	   0.00166	tu
107	75	   0.00166	bl
108	75	   0.00166	br
109	74	   0.00164	ss
110	73	   0.00161	ko
111	72	   0.00159	nk
112	71	   0.00157	vo
113	70	   0.00155	gt
114	70	   0.00155	rg
115	68	   0.00150	im
116	65	   0.00144	ub
117	65	   0.00144	hö
118	63	   0.00139	am
119	63	   0.00139	so
120	62	   0.00137	ul
121	61	   0.00135	ew
122	61	   0.00135	är
123	60	   0.00133	go
124	60	   0.00133	ba
125	59	   0.00131	em
126	58	   0.00128	ßt
127	57	   0.00126	ib
128	56	   0.00124	dr
129	56	   0.00124	mt
130	56	   0.00124	uß
131	56	   0.00124	um
132	56	   0.00124	iß
133	55	   0.00122	rb
134	55	   0.00122	tz
135	54	   0.00119	uh
136	53	   0.00117	rz
137	53	   0.00117	to
138	53	   0.00117	rd
139	52	   0.00115	gu
140	52	   0.00115	ro
141	52	   0.00115	hä
142	51	   0.00113	od
143	51	   0.00113	ab
144	51	   0.00113	ho
145	50	   0.00111	lu
146	50	   0.00111	gr
147	50	   0.00111	ja
148	48	   0.00106	pr
149	47	   0.00104	bu
150	46	   0.00102	rr
151	46	   0.00102	kn
152	46	   0.00102	lä
153	45	   0.00100	ug
154	44	   0.00097	hu
155	44	   0.00097	zu
156	44	   0.00097	än
157	44	   0.00097	üh
158	44	   0.00097	rü
159	44	   0.00097	fa
160	43	   0.00095	id
161	42	   0.00093	at
162	42	   0.00093	rä
163	42	   0.00093	fü
164	42	   0.00093	ät
165	41	   0.00091	ör
166	41	   0.00091	nz
167	41	   0.00091	wä
168	40	   0.00088	tl
169	40	   0.00088	rl
170	39	   0.00086	ün
171	39	   0.00086	ße
172	39	   0.00086	ka
173	38	   0.00084	ef
174	38	   0.00084	uc
175	38	   0.00084	kt
176	37	   0.00082	rf
177	37	   0.00082	lo
178	37	   0.00082	hw
179	36	   0.00080	äu
180	36	   0.00080	kr
181	36	   0.00080	hm
182	36	   0.00080	aß
183	36	   0.00080	gs
184	35	   0.00077	mo
185	34	   0.00075	rw
186	33	   0.00073	oc
187	33	   0.00073	kl
188	33	   0.00073	ff
189	33	   0.00073	ür
190	32	   0.00071	ön
191	32	   0.00071	ir
192	31	   0.00069	üc
193	29	   0.00064	mi
194	29	   0.00064	bo
195	29	   0.00064	hs
196	29	   0.00064	fl
197	28	   0.00062	dt
198	28	   0.00062	ur
199	28	   0.00062	bi
200	27	   0.00060	pf
201	27	   0.00060	bt
202	26	   0.00058	dü
203	26	   0.00058	pi
204	26	   0.00058	rh
205	26	   0.00058	äc
206	26	   0.00058	zt
207	25	   0.00055	äh
208	25	   0.00055	üb
209	25	   0.00055	zi
210	25	   0.00055	fi
211	25	   0.00055	tä
212	25	   0.00055	bs
213	24	   0.00053	ad
214	24	   0.00053	mü
215	24	   0.00053	no
216	24	   0.00053	ue
217	23	   0.00051	lf
218	23	   0.00051	ee
219	22	   0.00049	üß
220	22	   0.00049	su
221	21	   0.00046	oß
222	21	   0.00046	gi
223	20	   0.00044	pe
224	20	   0.00044	dk
225	20	   0.00044	ös
226	20	   0.00044	fs
227	20	   0.00044	vi
228	20	   0.00044	gn
229	19	   0.00042	og
230	19	   0.00042	du
231	19	   0.00042	nu
232	18	   0.00040	fä
233	17	   0.00038	gä
234	17	   0.00038	th
235	17	   0.00038	sg
236	17	   0.00038	rö
237	17	   0.00038	zw
238	17	   0.00038	äg
239	17	   0.00038	av
240	17	   0.00038	eß
241	17	   0.00038	qu
242	16	   0.00035	äl
243	16	   0.00035	os
244	16	   0.00035	lb
245	16	   0.00035	fo
246	16	   0.00035	kö
247	16	   0.00035	mp
248	15	   0.00033	nf
249	15	   0.00033	gk
250	15	   0.00033	öh
251	14	   0.00031	nh
252	14	   0.00031	fu
253	14	   0.00031	mä
254	14	   0.00031	po
255	14	   0.00031	lz
256	14	   0.00031	äs
257	14	   0.00031	ob
258	14	   0.00031	lü
259	13	   0.00029	sv
260	13	   0.00029	hb
261	13	   0.00029	üt
262	13	   0.00029	nb
263	13	   0.00029	ud
264	13	   0.00029	do
265	12	   0.00027	mö
266	12	   0.00027	nl
267	12	   0.00027	sü
268	12	   0.00027	ds
269	12	   0.00027	sä
270	12	   0.00027	pp
271	11	   0.00024	tb
272	11	   0.00024	lm
273	11	   0.00024	ms
274	11	   0.00024	md
275	11	   0.00024	ek
276	11	   0.00024	nä
277	11	   0.00024	üs
278	11	   0.00024	äß
279	11	   0.00024	ml
280	10	   0.00022	sr
281	10	   0.00022	tü
282	10	   0.00022	äm
283	10	   0.00022	ki
284	10	   0.00022	nü
285	10	   0.00022	tö
286	10	   0.00022	za
287	10	   0.00022	lc
288	9	   0.00020	bü
289	9	   0.00020	fg
290	9	   0.00020	ln
291	9	   0.00020	kü
292	8	   0.00018	nc
293	8	   0.00018	ög
294	8	   0.00018	rv
295	8	   0.00018	pa
296	8	   0.00018	va
297	8	   0.00018	öc
298	8	   0.00018	ua
299	8	   0.00018	nm
300	8	   0.00018	öl
301	7	   0.00015	of
302	7	   0.00015	lg
303	7	   0.00015	pl
304	7	   0.00015	ez
305	7	   0.00015	nv
306	7	   0.00015	wu
307	7	   0.00015	mh
308	7	   0.00015	öt
309	7	   0.00015	dl
310	7	   0.00015	ku
311	7	   0.00015	lö
312	7	   0.00015	if
313	6	   0.00013	ju
314	6	   0.00013	bö
315	6	   0.00013	rc
316	6	   0.00013	sb
317	6	   0.00013	tg
318	6	   0.00013	kä
319	6	   0.00013	n«
320	6	   0.00013	zä
321	6	   0.00013	äf
322	6	   0.00013	op
323	5	   0.00011	öf
324	5	   0.00011	nw
325	5	   0.00011	ep
326	5	   0.00011	lw
327	5	   0.00011	öß
328	5	   0.00011	ai
329	5	   0.00011	gö
330	5	   0.00011	ak
331	5	   0.00011	zo
332	5	   0.00011	fb
333	5	   0.00011	tw
334	5	   0.00011	pä
335	5	   0.00011	aa
336	5	   0.00011	öp
337	4	   0.00009	ea
338	4	   0.00009	sl
339	4	   0.00009	up
340	4	   0.00009	wü
341	4	   0.00009	bg
342	4	   0.00009	db
343	4	   0.00009	ap
344	4	   0.00009	ßl
345	4	   0.00009	ym
346	4	   0.00009	tn
347	4	   0.00009	üm
348	4	   0.00009	sk
349	4	   0.00009	uv
350	4	   0.00009	üg
351	3	   0.00007	pü
352	3	   0.00007	pt
353	3	   0.00007	zö
354	3	   0.00007	uz
355	3	   0.00007	ih
356	3	   0.00007	lk
357	3	   0.00007	eq
358	3	   0.00007	ph
359	3	   0.00007	wö
360	3	   0.00007	rq
361	3	   0.00007	fz
362	3	   0.00007	»f
363	3	   0.00007	lv
364	3	   0.00007	iq
365	3	   0.00007	e«
366	3	   0.00007	»u
367	3	   0.00007	tf
368	3	   0.00007	sf
369	3	   0.00007	sz
370	3	   0.00007	ip
371	2	   0.00004	ae
372	2	   0.00004	hg
373	2	   0.00004	gü
374	2	   0.00004	gd
375	2	   0.00004	»e
376	2	   0.00004	fn
377	2	   0.00004	aw
378	2	   0.00004	sh
379	2	   0.00004	ev
380	2	   0.00004	nö
381	2	   0.00004	zl
382	2	   0.00004	gm
383	2	   0.00004	kb
384	2	   0.00004	dw
385	2	   0.00004	ny
386	2	   0.00004	dh
387	2	   0.00004	äd
388	2	   0.00004	mk
389	2	   0.00004	mb
390	2	   0.00004	bn
391	2	   0.00004	lr
392	2	   0.00004	gg
393	2	   0.00004	dä
394	2	   0.00004	uk
395	2	   0.00004	fd
396	2	   0.00004	ß«
397	2	   0.00004	tv
398	2	   0.00004	»j
399	2	   0.00004	sm
400	2	   0.00004	dn
401	2	   0.00004	ov
402	2	   0.00004	jü
403	2	   0.00004	sd
404	2	   0.00004	jä
405	2	   0.00004	vö
406	2	   0.00004	sö
407	2	   0.00004	fh
408	2	   0.00004	»h
409	2	   0.00004	90
410	2	   0.00004	19
411	1	   0.00002	﻿d
412	1	   0.00002	dö
413	1	   0.00002	dg
414	1	   0.00002	mw
415	1	   0.00002	kz
416	1	   0.00002	ks
417	1	   0.00002	oz
418	1	   0.00002	zb
419	1	   0.00002	ej
420	1	   0.00002	zv
421	1	   0.00002	mn
422	1	   0.00002	uä
423	1	   0.00002	ui
424	1	   0.00002	mg
425	1	   0.00002	bz
426	1	   0.00002	bh
427	1	   0.00002	sj
428	1	   0.00002	ßm
429	1	   0.00002	hk
430	1	   0.00002	mf
431	1	   0.00002	gh
432	1	   0.00002	ßh
433	1	   0.00002	zd
434	1	   0.00002	ßw
435	1	   0.00002	gw
436	1	   0.00002	iu
437	1	   0.00002	ca
438	1	   0.00002	ce
439	1	   0.00002	sy
440	1	   0.00002	hz
441	1	   0.00002	zü
442	1	   0.00002	»i
443	1	   0.00002	t«
444	1	   0.00002	h«
445	1	   0.00002	»o
446	1	   0.00002	»s
447	1	   0.00002	»w
448	1	   0.00002	aj
449	1	   0.00002	=d
450	1	   0.00002	r=
451	1	   0.00002	gf
452	1	   0.00002	bä
453	1	   0.00002	hv
454	1	   0.00002	nr
455	1	   0.00002	zn
456	1	   0.00002	dv
457	1	   0.00002	öm
458	1	   0.00002	ül
459	1	   0.00002	sn
460	1	   0.00002	ik
461	1	   0.00002	hh
462	1	   0.00002	ao
463	1	   0.00002	nq
464	1	   0.00002	tm
465	1	   0.00002	bd
466	1	   0.00002	sw
467	1	   0.00002	hü
468	1	   0.00002	üp
469	1	   0.00002	rp
470	1	   0.00002	pn
471	1	   0.00002	iw
472	1	   0.00002	zh
473	1	   0.00002	kk
474	1	   0.00002	kg
475	1	   0.00002	ex
476	1	   0.00002	xt
477	1	   0.00002	ry
478	1	   0.00002	ty
479	1	   0.00002	ay
480	1	   0.00002	14
481	1	   0.00002	49
482	1	   0.00002	»c
483	1	   0.00002	co
484	1	   0.00002	iz
485	1	   0.00002	03
486	1	   0.00002	91
487	1	   0.00002	11
