1	52	   0.12150	1
2	23	   0.05374	2
3	13	   0.03037	3
4	9	   0.02103	4
5	7	   0.01636	5
6	9	   0.02103	6
7	11	   0.02570	7
8	2	   0.00467	8
9	6	   0.01402	9
10	4	   0.00935	10
11	2	   0.00467	11
12	5	   0.01168	12
13	4	   0.00935	13
14	1	   0.00234	14
15	5	   0.01168	15
16	3	   0.00701	17
17	2	   0.00467	18
18	2	   0.00467	19
19	5	   0.01168	20
20	1	   0.00234	21
21	2	   0.00467	22
22	1	   0.00234	23
23	3	   0.00701	24
24	1	   0.00234	25
25	5	   0.01168	27
26	2	   0.00467	28
27	2	   0.00467	29
28	3	   0.00701	30
29	5	   0.01168	31
30	3	   0.00701	32
31	2	   0.00467	34
32	3	   0.00701	35
33	2	   0.00467	38
34	1	   0.00234	39
35	1	   0.00234	40
36	2	   0.00467	41
37	2	   0.00467	42
38	4	   0.00935	43
39	1	   0.00234	44
40	2	   0.00467	45
41	3	   0.00701	46
42	4	   0.00935	47
43	2	   0.00467	48
44	1	   0.00234	50
45	2	   0.00467	51
46	2	   0.00467	52
47	3	   0.00701	53
48	1	   0.00234	54
49	3	   0.00701	55
50	1	   0.00234	56
51	1	   0.00234	57
52	6	   0.01402	60
53	3	   0.00701	61
54	1	   0.00234	62
55	2	   0.00467	64
56	2	   0.00467	65
57	2	   0.00467	66
58	1	   0.00234	67
59	1	   0.00234	69
60	2	   0.00467	70
61	2	   0.00467	72
62	3	   0.00701	73
63	1	   0.00234	74
64	2	   0.00467	75
65	4	   0.00935	76
66	1	   0.00234	78
67	1	   0.00234	79
68	1	   0.00234	80
69	1	   0.00234	81
70	1	   0.00234	82
71	3	   0.00701	83
72	1	   0.00234	85
73	1	   0.00234	87
74	2	   0.00467	88
75	1	   0.00234	89
76	1	   0.00234	90
77	2	   0.00467	92
78	1	   0.00234	93
79	1	   0.00234	94
80	1	   0.00234	95
81	3	   0.00701	98
82	1	   0.00234	102
83	2	   0.00467	105
84	1	   0.00234	110
85	1	   0.00234	111
86	1	   0.00234	117
87	1	   0.00234	120
88	1	   0.00234	121
89	2	   0.00467	122
90	3	   0.00701	123
91	1	   0.00234	124
92	1	   0.00234	125
93	3	   0.00701	126
94	2	   0.00467	130
95	1	   0.00234	132
96	1	   0.00234	134
97	1	   0.00234	135
98	2	   0.00467	139
99	1	   0.00234	143
100	2	   0.00467	144
101	1	   0.00234	145
102	1	   0.00234	150
103	2	   0.00467	155
104	1	   0.00234	156
105	1	   0.00234	165
106	1	   0.00234	166
107	1	   0.00234	168
108	1	   0.00234	169
109	1	   0.00234	171
110	1	   0.00234	172
111	1	   0.00234	177
112	1	   0.00234	183
113	1	   0.00234	184
114	1	   0.00234	187
115	1	   0.00234	188
116	1	   0.00234	191
117	3	   0.00701	192
118	1	   0.00234	194
119	1	   0.00234	196
120	1	   0.00234	200
121	2	   0.00467	204
122	1	   0.00234	205
123	1	   0.00234	210
124	2	   0.00467	214
125	1	   0.00234	218
126	1	   0.00234	219
127	1	   0.00234	224
128	2	   0.00467	226
129	1	   0.00234	233
130	1	   0.00234	237
131	1	   0.00234	241
132	1	   0.00234	247
133	2	   0.00467	250
134	1	   0.00234	263
135	1	   0.00234	264
136	1	   0.00234	265
137	1	   0.00234	266
138	1	   0.00234	270
139	1	   0.00234	272
140	1	   0.00234	274
141	2	   0.00467	277
142	1	   0.00234	279
143	1	   0.00234	284
144	1	   0.00234	287
145	1	   0.00234	293
146	1	   0.00234	297
147	1	   0.00234	298
148	1	   0.00234	303
149	1	   0.00234	308
150	1	   0.00234	314
151	1	   0.00234	324
152	1	   0.00234	326
153	1	   0.00234	329
154	1	   0.00234	332
155	1	   0.00234	335
156	1	   0.00234	340
157	1	   0.00234	344
158	1	   0.00234	345
159	1	   0.00234	346
160	1	   0.00234	352
161	1	   0.00234	353
162	1	   0.00234	357
163	1	   0.00234	361
164	1	   0.00234	389
165	1	   0.00234	413
166	1	   0.00234	414
167	1	   0.00234	423
168	1	   0.00234	435
169	2	   0.00467	438
170	1	   0.00234	439
171	1	   0.00234	444
172	1	   0.00234	452
173	2	   0.00467	453
174	1	   0.00234	457
175	1	   0.00234	496
176	1	   0.00234	497
177	1	   0.00234	500
178	1	   0.00234	515
179	1	   0.00234	528
180	1	   0.00234	557
181	1	   0.00234	559
182	1	   0.00234	567
183	1	   0.00234	572
184	1	   0.00234	579
185	1	   0.00234	588
186	1	   0.00234	608
187	1	   0.00234	651
188	1	   0.00234	686
189	1	   0.00234	694
190	1	   0.00234	696
191	1	   0.00234	707
192	1	   0.00234	723
193	1	   0.00234	759
194	1	   0.00234	761
195	1	   0.00234	764
196	1	   0.00234	857
197	1	   0.00234	867
198	1	   0.00234	968
199	1	   0.00234	1013
200	1	   0.00234	2001
