1	261	   0.00392	one
2	203	   0.00305	would
3	164	   0.00246	fruit
4	161	   0.00242	new
5	161	   0.00242	could
6	154	   0.00231	thus
7	141	   0.00212	every
8	130	   0.00195	manure
9	127	   0.00191	great
10	124	   0.00186	made
11	117	   0.00176	two
12	115	   0.00173	much
13	113	   0.00170	city
14	113	   0.00170	even
15	111	   0.00167	time
16	109	   0.00164	many
17	109	   0.00164	season
18	105	   0.00158	market
19	103	   0.00155	well
20	101	   0.00152	first
21	95	   0.00143	good
22	94	   0.00141	ground
23	93	   0.00140	large
24	92	   0.00138	year
25	90	   0.00135	may
26	90	   0.00135	acre
27	89	   0.00134	trees
28	88	   0.00132	little
29	88	   0.00132	whole
30	86	   0.00129	acres
