1	248	   0.01990	jedermann
2	178	   0.01428	nit
3	55	   0.00441	vetter
4	54	   0.00433	gesell
5	44	   0.00353	werke
6	44	   0.00353	recht
7	39	   0.00313	geht
8	38	   0.00305	ja
9	36	   0.00289	tod
10	35	   0.00281	gott
11	34	   0.00273	mutter
12	33	   0.00265	glaube
13	33	   0.00265	gar
14	33	   0.00265	o
15	31	   0.00249	wohl
16	30	   0.00241	geld
17	29	   0.00233	muß
18	28	   0.00225	kommt
19	27	   0.00217	jedermanns
20	27	   0.00217	mann
21	27	   0.00217	weiß
22	26	   0.00209	wär
23	26	   0.00209	hast
24	25	   0.00201	schon
25	24	   0.00193	buhlschaft
26	24	   0.00193	dicker
27	24	   0.00193	halt
28	24	   0.00193	weh
29	23	   0.00185	alls
30	22	   0.00177	stund
