1	1612	   0.63615	1
2	407	   0.16062	2
3	166	   0.06551	3
4	88	   0.03473	4
5	67	   0.02644	5
6	39	   0.01539	6
7	19	   0.00750	7
8	18	   0.00710	8
9	12	   0.00474	9
10	15	   0.00592	10
11	9	   0.00355	11
12	14	   0.00552	12
13	7	   0.00276	13
14	3	   0.00118	14
15	12	   0.00474	15
16	2	   0.00079	16
17	2	   0.00079	17
18	4	   0.00158	18
19	3	   0.00118	19
20	4	   0.00158	21
21	2	   0.00079	22
22	1	   0.00039	23
23	4	   0.00158	24
24	1	   0.00039	25
25	2	   0.00079	26
26	3	   0.00118	27
27	1	   0.00039	28
28	1	   0.00039	29
29	1	   0.00039	30
30	1	   0.00039	31
