0	3149	   0.47063	1
1	1094	   0.16350	2
2	582	   0.08698	3
3	371	   0.05545	4
4	249	   0.03721	5
5	213	   0.03183	6
6	144	   0.02152	7
7	115	   0.01719	8
8	84	   0.01255	9
9	61	   0.00912	10
10	54	   0.00807	11
11	53	   0.00792	12
12	32	   0.00478	13
13	47	   0.00702	14
14	30	   0.00448	15
15	36	   0.00538	16
16	27	   0.00404	17
17	21	   0.00314	18
18	13	   0.00194	19
19	11	   0.00164	20
20	16	   0.00239	21
21	14	   0.00209	22
22	19	   0.00284	23
23	12	   0.00179	24
24	15	   0.00224	25
25	10	   0.00149	26
26	8	   0.00120	27
27	7	   0.00105	28
28	7	   0.00105	29
29	11	   0.00164	30
