0	261	   0.00392	one
1	203	   0.00305	would
2	164	   0.00246	fruit
3	161	   0.00242	new
4	161	   0.00242	could
5	154	   0.00231	thus
6	141	   0.00212	every
7	130	   0.00195	manure
8	127	   0.00191	great
9	124	   0.00186	made
10	117	   0.00176	two
11	115	   0.00173	much
12	113	   0.00170	city
13	113	   0.00170	even
14	111	   0.00167	time
15	109	   0.00164	many
16	109	   0.00164	season
17	105	   0.00158	market
18	103	   0.00155	well
19	101	   0.00152	first
20	95	   0.00143	good
21	94	   0.00141	ground
22	93	   0.00140	large
23	92	   0.00138	year
24	90	   0.00135	may
25	90	   0.00135	acre
26	89	   0.00134	trees
27	88	   0.00132	little
28	88	   0.00132	whole
29	86	   0.00129	acres
