0	1612	   0.63615	1
1	407	   0.16062	2
2	166	   0.06551	3
3	88	   0.03473	4
4	67	   0.02644	5
5	39	   0.01539	6
6	19	   0.00750	7
7	18	   0.00710	8
8	12	   0.00474	9
9	15	   0.00592	10
10	9	   0.00355	11
11	14	   0.00552	12
12	7	   0.00276	13
13	3	   0.00118	14
14	12	   0.00474	15
15	2	   0.00079	16
16	2	   0.00079	17
17	4	   0.00158	18
18	3	   0.00118	19
19	4	   0.00158	21
20	2	   0.00079	22
21	1	   0.00039	23
22	4	   0.00158	24
23	1	   0.00039	25
24	2	   0.00079	26
25	3	   0.00118	27
26	1	   0.00039	28
27	1	   0.00039	29
28	1	   0.00039	30
29	1	   0.00039	31
