0	248	   0.01990	jedermann
1	178	   0.01428	nit
2	55	   0.00441	vetter
3	54	   0.00433	gesell
4	44	   0.00353	werke
5	44	   0.00353	recht
6	39	   0.00313	geht
7	38	   0.00305	ja
8	36	   0.00289	tod
9	35	   0.00281	gott
10	34	   0.00273	mutter
11	33	   0.00265	glaube
12	33	   0.00265	gar
13	33	   0.00265	o
14	31	   0.00249	wohl
15	30	   0.00241	geld
16	29	   0.00233	muß
17	28	   0.00225	kommt
18	27	   0.00217	jedermanns
19	27	   0.00217	mann
20	27	   0.00217	weiß
21	26	   0.00209	wär
22	26	   0.00209	hast
23	25	   0.00201	schon
24	24	   0.00193	buhlschaft
25	24	   0.00193	dicker
26	24	   0.00193	halt
27	24	   0.00193	weh
28	23	   0.00185	alls
29	22	   0.00177	stund
