0	1274	   0.50616	1
1	415	   0.16488	2
2	214	   0.08502	3
3	129	   0.05125	4
4	82	   0.03258	5
5	56	   0.02225	6
6	53	   0.02106	7
7	25	   0.00993	8
8	24	   0.00954	9
9	18	   0.00715	10
10	25	   0.00993	11
11	20	   0.00795	12
12	19	   0.00755	13
13	10	   0.00397	14
14	14	   0.00556	15
15	12	   0.00477	16
16	10	   0.00397	17
17	9	   0.00358	18
18	4	   0.00159	19
19	6	   0.00238	20
20	5	   0.00199	21
21	6	   0.00238	22
22	6	   0.00238	23
23	5	   0.00199	24
24	3	   0.00119	25
25	3	   0.00119	26
26	3	   0.00119	27
27	5	   0.00199	28
28	1	   0.00040	29
29	3	   0.00119	30
