0	567	   0.02301	liliom
1	423	   0.01716	julie
2	176	   0.00714	marie
3	169	   0.00686	ficsur
4	135	   0.00548	ll
5	121	   0.00491	muskat
6	120	   0.00487	mrs
7	107	   0.00434	yes
8	104	   0.00422	back
9	103	   0.00418	go
10	95	   0.00385	good
11	80	   0.00325	come
12	78	   0.00316	first
13	78	   0.00316	policeman
14	77	   0.00312	right
15	74	   0.00300	magistrate
16	73	   0.00296	one
17	71	   0.00288	m
18	70	   0.00284	know
19	66	   0.00268	wolf
20	66	   0.00268	hollunder
21	64	   0.00260	tell
22	63	   0.00256	like
23	60	   0.00243	re
24	59	   0.00239	get
25	57	   0.00231	louise
26	55	   0.00223	mother
27	54	   0.00219	well
28	51	   0.00207	see
29	50	   0.00203	man
