1	77	   0.15811	1
2	40	   0.08214	2
3	20	   0.04107	3
4	14	   0.02875	4
5	14	   0.02875	5
6	10	   0.02053	6
7	12	   0.02464	7
8	9	   0.01848	8
9	4	   0.00821	9
10	8	   0.01643	10
11	9	   0.01848	11
12	6	   0.01232	12
13	6	   0.01232	13
14	8	   0.01643	14
15	3	   0.00616	15
16	6	   0.01232	16
17	9	   0.01848	17
18	1	   0.00205	18
19	3	   0.00616	19
20	6	   0.01232	20
21	2	   0.00411	21
22	2	   0.00411	22
23	2	   0.00411	23
24	4	   0.00821	24
25	6	   0.01232	25
26	5	   0.01027	26
27	2	   0.00411	27
28	3	   0.00616	28
29	4	   0.00821	29
30	1	   0.00205	31
31	2	   0.00411	32
32	4	   0.00821	33
33	1	   0.00205	34
34	1	   0.00205	35
35	5	   0.01027	36
36	3	   0.00616	37
37	3	   0.00616	38
38	3	   0.00616	39
39	2	   0.00411	40
40	3	   0.00616	41
41	4	   0.00821	42
42	1	   0.00205	43
43	6	   0.01232	44
44	1	   0.00205	45
45	3	   0.00616	46
46	1	   0.00205	47
47	1	   0.00205	48
48	3	   0.00616	50
49	3	   0.00616	51
50	3	   0.00616	52
51	3	   0.00616	53
52	1	   0.00205	54
53	2	   0.00411	55
54	5	   0.01027	56
55	1	   0.00205	57
56	1	   0.00205	58
57	1	   0.00205	59
58	2	   0.00411	60
59	2	   0.00411	61
60	1	   0.00205	62
61	2	   0.00411	63
62	2	   0.00411	65
63	1	   0.00205	68
64	2	   0.00411	70
65	1	   0.00205	71
66	1	   0.00205	72
67	1	   0.00205	73
68	1	   0.00205	74
69	4	   0.00821	75
70	1	   0.00205	76
71	2	   0.00411	77
72	1	   0.00205	78
73	2	   0.00411	79
74	2	   0.00411	80
75	1	   0.00205	81
76	1	   0.00205	82
77	1	   0.00205	83
78	1	   0.00205	84
79	1	   0.00205	85
80	1	   0.00205	87
81	3	   0.00616	88
82	2	   0.00411	89
83	1	   0.00205	90
84	1	   0.00205	91
85	2	   0.00411	92
86	1	   0.00205	93
87	2	   0.00411	94
88	2	   0.00411	96
89	1	   0.00205	98
90	1	   0.00205	100
91	2	   0.00411	102
92	1	   0.00205	106
93	2	   0.00411	107
94	1	   0.00205	109
95	1	   0.00205	115
96	1	   0.00205	117
97	1	   0.00205	120
98	1	   0.00205	124
99	1	   0.00205	125
100	1	   0.00205	127
101	1	   0.00205	134
102	2	   0.00411	138
103	1	   0.00205	140
104	1	   0.00205	147
105	2	   0.00411	148
106	1	   0.00205	151
107	2	   0.00411	152
108	1	   0.00205	166
109	3	   0.00616	168
110	1	   0.00205	172
111	1	   0.00205	179
112	1	   0.00205	181
113	1	   0.00205	195
114	1	   0.00205	196
115	1	   0.00205	200
116	1	   0.00205	201
117	1	   0.00205	208
118	1	   0.00205	224
119	1	   0.00205	225
120	1	   0.00205	235
121	1	   0.00205	242
122	1	   0.00205	247
123	1	   0.00205	252
124	1	   0.00205	254
125	1	   0.00205	258
126	1	   0.00205	263
127	1	   0.00205	275
128	1	   0.00205	290
129	1	   0.00205	294
130	1	   0.00205	299
131	1	   0.00205	314
132	1	   0.00205	322
133	1	   0.00205	328
134	1	   0.00205	333
135	1	   0.00205	344
136	1	   0.00205	345
137	1	   0.00205	350
138	1	   0.00205	370
139	1	   0.00205	373
140	1	   0.00205	374
141	1	   0.00205	380
142	1	   0.00205	388
143	1	   0.00205	391
144	1	   0.00205	404
145	1	   0.00205	411
146	1	   0.00205	427
147	1	   0.00205	451
148	1	   0.00205	453
149	1	   0.00205	507
150	1	   0.00205	508
151	1	   0.00205	596
152	1	   0.00205	611
153	1	   0.00205	728
154	1	   0.00205	764
155	1	   0.00205	1023
156	1	   0.00205	1238
157	1	   0.00205	1314
