1	2001	   0.02699	li
2	1013	   0.01366	in
3	968	   0.01306	er
4	867	   0.01170	ar
5	857	   0.01156	om
6	764	   0.01031	ie
7	761	   0.01027	il
8	759	   0.01024	ng
9	723	   0.00975	es
10	707	   0.00954	en
11	696	   0.00939	st
12	694	   0.00936	an
13	686	   0.00925	te
14	651	   0.00878	io
15	608	   0.00820	re
16	588	   0.00793	ul
17	579	   0.00781	ma
18	572	   0.00772	se
19	567	   0.00765	ea
20	559	   0.00754	on
21	557	   0.00751	ll
22	528	   0.00712	th
23	515	   0.00695	ri
24	500	   0.00674	ou
25	497	   0.00670	ic
26	496	   0.00669	at
27	457	   0.00616	us
28	453	   0.00611	ne
29	453	   0.00611	nd
30	452	   0.00610	me
31	444	   0.00599	le
32	439	   0.00592	ol
33	438	   0.00591	nt
34	438	   0.00591	ju
35	435	   0.00587	ed
36	423	   0.00571	ce
37	414	   0.00558	he
38	413	   0.00557	lo
39	389	   0.00525	ve
40	361	   0.00487	is
41	357	   0.00482	oo
42	353	   0.00476	rs
43	352	   0.00475	or
44	346	   0.00467	co
45	345	   0.00465	fi
46	344	   0.00464	go
47	340	   0.00459	de
48	335	   0.00452	ly
49	332	   0.00448	ta
50	329	   0.00444	it
51	326	   0.00440	et
52	324	   0.00437	ur
53	314	   0.00424	el
54	308	   0.00415	hi
55	303	   0.00409	ay
56	298	   0.00402	si
57	297	   0.00401	ti
58	293	   0.00395	ro
59	287	   0.00387	al
60	284	   0.00383	un
61	279	   0.00376	ke
62	277	   0.00374	ca
63	277	   0.00374	ee
64	274	   0.00370	ra
65	272	   0.00367	ho
66	270	   0.00364	wo
67	266	   0.00359	ac
68	265	   0.00357	ha
69	264	   0.00356	po
70	263	   0.00355	wa
71	250	   0.00337	su
72	250	   0.00337	ow
73	247	   0.00333	ch
74	241	   0.00325	gh
75	237	   0.00320	ot
76	233	   0.00314	tr
77	226	   0.00305	ld
78	226	   0.00305	ir
79	224	   0.00302	ig
80	219	   0.00295	as
81	218	   0.00294	no
82	214	   0.00289	pe
83	214	   0.00289	ck
84	210	   0.00283	gi
85	205	   0.00277	mo
86	204	   0.00275	ba
87	204	   0.00275	ge
88	200	   0.00270	be
89	196	   0.00264	la
90	194	   0.00262	ht
91	192	   0.00259	ye
92	192	   0.00259	di
93	192	   0.00259	mu
94	191	   0.00258	ai
95	188	   0.00254	so
96	187	   0.00252	em
97	184	   0.00248	rt
98	183	   0.00247	to
99	177	   0.00239	ad
100	172	   0.00232	cs
101	171	   0.00231	sk
102	169	   0.00228	ss
103	168	   0.00227	ts
104	166	   0.00224	pa
105	165	   0.00223	od
106	156	   0.00210	ak
107	155	   0.00209	id
108	155	   0.00209	we
109	150	   0.00202	ev
110	145	   0.00196	ni
111	144	   0.00194	am
112	144	   0.00194	rd
113	143	   0.00193	sh
114	139	   0.00188	pl
115	139	   0.00188	fe
116	135	   0.00182	ry
117	134	   0.00181	da
118	132	   0.00178	fa
119	130	   0.00175	ag
120	130	   0.00175	tt
121	126	   0.00170	ns
122	126	   0.00170	do
123	126	   0.00170	ka
124	125	   0.00169	ut
125	124	   0.00167	sa
126	123	   0.00166	mi
127	123	   0.00166	ok
128	123	   0.00166	mr
129	122	   0.00165	ap
130	122	   0.00165	ds
131	121	   0.00163	ki
132	120	   0.00162	nc
133	117	   0.00158	tl
134	111	   0.00150	kn
135	110	   0.00148	au
136	105	   0.00142	im
137	105	   0.00142	ui
138	102	   0.00138	lu
139	98	   0.00132	ex
140	98	   0.00132	os
141	98	   0.00132	ep
142	95	   0.00128	wi
143	94	   0.00127	ks
144	93	   0.00125	if
145	92	   0.00124	pr
146	92	   0.00124	fo
147	90	   0.00121	rl
148	89	   0.00120	rr
149	88	   0.00119	bl
150	88	   0.00119	gr
151	87	   0.00117	dr
152	85	   0.00115	ec
153	83	   0.00112	ct
154	83	   0.00112	rk
155	83	   0.00112	iv
156	82	   0.00111	sc
157	81	   0.00109	rn
158	80	   0.00108	pp
159	79	   0.00107	na
160	78	   0.00105	oi
161	76	   0.00103	nk
162	76	   0.00103	ov
163	76	   0.00103	sp
164	76	   0.00103	lf
165	75	   0.00101	ft
166	75	   0.00101	ug
167	74	   0.00100	ik
168	73	   0.00098	sl
169	73	   0.00098	of
170	73	   0.00098	ls
171	72	   0.00097	tu
172	72	   0.00097	ey
173	70	   0.00094	ef
174	70	   0.00094	hr
175	69	   0.00093	ty
176	67	   0.00090	tw
177	66	   0.00089	bo
178	66	   0.00089	op
179	65	   0.00088	hu
180	65	   0.00088	dn
181	64	   0.00086	uc
182	64	   0.00086	av
183	62	   0.00084	ga
184	61	   0.00082	qu
185	61	   0.00082	aw
186	61	   0.00082	ny
187	60	   0.00081	pi
188	60	   0.00081	tc
189	60	   0.00081	pu
190	60	   0.00081	ab
191	60	   0.00081	ff
192	60	   0.00081	fu
193	57	   0.00077	ci
194	56	   0.00076	mp
195	55	   0.00074	bu
196	55	   0.00074	br
197	55	   0.00074	oc
198	54	   0.00073	ud
199	53	   0.00071	mb
200	53	   0.00071	ru
201	53	   0.00071	up
202	52	   0.00070	wh
203	52	   0.00070	ys
204	51	   0.00069	ue
205	51	   0.00069	sn
206	50	   0.00067	gl
207	48	   0.00065	um
208	48	   0.00065	ps
209	47	   0.00063	oe
210	47	   0.00063	ew
211	47	   0.00063	cu
212	47	   0.00063	ph
213	46	   0.00062	vi
214	46	   0.00062	ei
215	46	   0.00062	xi
216	45	   0.00061	fr
217	45	   0.00061	gu
218	44	   0.00059	cr
219	43	   0.00058	ix
220	43	   0.00058	rg
221	43	   0.00058	yo
222	43	   0.00058	lk
223	42	   0.00057	bi
224	42	   0.00057	sw
225	41	   0.00055	vo
226	41	   0.00055	cl
227	40	   0.00054	nl
228	39	   0.00053	va
229	38	   0.00051	eg
230	38	   0.00051	eo
231	35	   0.00047	rm
232	35	   0.00047	ws
233	35	   0.00047	dl
234	34	   0.00046	gs
235	34	   0.00046	og
236	32	   0.00043	dy
237	32	   0.00043	af
238	32	   0.00043	ob
239	31	   0.00042	ia
240	31	   0.00042	ua
241	31	   0.00042	nu
242	31	   0.00042	by
243	31	   0.00042	yi
244	30	   0.00040	hs
245	30	   0.00040	oa
246	30	   0.00040	nz
247	29	   0.00039	xt
248	29	   0.00039	yt
249	28	   0.00038	ub
250	28	   0.00038	zm
251	27	   0.00036	du
252	27	   0.00036	lt
253	27	   0.00036	nn
254	27	   0.00036	rp
255	27	   0.00036	eh
256	25	   0.00034	pt
257	24	   0.00032	dd
258	24	   0.00032	lw
259	24	   0.00032	rv
260	23	   0.00031	xc
261	22	   0.00030	rw
262	22	   0.00030	wl
263	21	   0.00028	mm
264	20	   0.00027	ms
265	20	   0.00027	rc
266	20	   0.00027	jo
267	20	   0.00027	km
268	20	   0.00027	fl
269	19	   0.00026	sm
270	19	   0.00026	ze
271	18	   0.00024	oh
272	18	   0.00024	mn
273	17	   0.00023	rf
274	17	   0.00023	hl
275	17	   0.00023	oy
276	15	   0.00020	cc
277	15	   0.00020	ib
278	15	   0.00020	wn
279	15	   0.00020	gn
280	15	   0.00020	sb
281	14	   0.00019	rh
282	13	   0.00018	xp
283	13	   0.00018	sy
284	13	   0.00018	ip
285	13	   0.00018	az
286	12	   0.00016	19
287	12	   0.00016	je
288	12	   0.00016	nf
289	12	   0.00016	bb
290	12	   0.00016	kr
291	11	   0.00015	uf
292	11	   0.00015	gg
293	10	   0.00013	bs
294	10	   0.00013	ky
295	10	   0.00013	rb
296	10	   0.00013	tf
297	9	   0.00012	iu
298	9	   0.00012	wr
299	9	   0.00012	yb
300	9	   0.00012	xa
301	9	   0.00012	wf
302	9	   0.00012	py
303	8	   0.00011	kl
304	8	   0.00011	lp
305	7	   0.00009	ln
306	7	   0.00009	eb
307	7	   0.00009	ja
308	7	   0.00009	hy
309	7	   0.00009	dg
310	7	   0.00009	iz
311	7	   0.00009	hm
312	7	   0.00009	lv
313	7	   0.00009	eë
314	7	   0.00009	ën
315	7	   0.00009	dv
316	6	   0.00008	wd
317	6	   0.00008	lm
318	6	   0.00008	eu
319	6	   0.00008	za
320	6	   0.00008	lr
321	6	   0.00008	yh
322	6	   0.00008	sq
323	6	   0.00008	ah
324	6	   0.00008	xe
325	5	   0.00007	90
326	5	   0.00007	gt
327	5	   0.00007	eq
328	5	   0.00007	zi
329	5	   0.00007	bt
330	5	   0.00007	cy
331	5	   0.00007	kg
332	4	   0.00005	ym
333	4	   0.00005	91
334	4	   0.00005	nh
335	4	   0.00005	yw
336	4	   0.00005	yl
337	4	   0.00005	ek
338	4	   0.00005	tn
339	4	   0.00005	zy
340	4	   0.00005	kw
341	3	   0.00004	np
342	3	   0.00004	uz
343	3	   0.00004	hd
344	3	   0.00004	nx
345	3	   0.00004	hf
346	3	   0.00004	dk
347	3	   0.00004	uh
348	3	   0.00004	ko
349	3	   0.00004	nv
350	3	   0.00004	wk
351	3	   0.00004	16
352	3	   0.00004	47
353	3	   0.00004	fé
354	2	   0.00003	iè
355	2	   0.00003	èr
356	2	   0.00003	09
357	2	   0.00003	yg
358	2	   0.00003	zz
359	2	   0.00003	zl
360	2	   0.00003	iq
361	2	   0.00003	gm
362	2	   0.00003	sz
363	2	   0.00003	gy
364	2	   0.00003	mf
365	2	   0.00003	oz
366	2	   0.00003	ör
367	2	   0.00003	92
368	2	   0.00003	20
369	2	   0.00003	uo
370	2	   0.00003	nj
371	2	   0.00003	ax
372	2	   0.00003	yf
373	2	   0.00003	mj
374	2	   0.00003	kf
375	2	   0.00003	uy
376	2	   0.00003	dm
377	1	   0.00001	﻿i
378	1	   0.00001	yd
379	1	   0.00001	ji
380	1	   0.00001	ej
381	1	   0.00001	bn
382	1	   0.00001	12
383	1	   0.00001	18
384	1	   0.00001	87
385	1	   0.00001	78
386	1	   0.00001	rô
387	1	   0.00001	ôl
388	1	   0.00001	ux
389	1	   0.00001	xu
390	1	   0.00001	02
391	1	   0.00001	kt
392	1	   0.00001	04
393	1	   0.00001	zs
394	1	   0.00001	07
395	1	   0.00001	dö
396	1	   0.00001	ög
397	1	   0.00001	11
398	1	   0.00001	tö
399	1	   0.00001	13
400	1	   0.00001	14
401	1	   0.00001	yu
402	1	   0.00001	21
403	1	   0.00001	yn
404	1	   0.00001	lz
405	1	   0.00001	oq
406	1	   0.00001	cz
407	1	   0.00001	zk
408	1	   0.00001	aï
409	1	   0.00001	ïv
410	1	   0.00001	ku
411	1	   0.00001	nw
412	1	   0.00001	hb
413	1	   0.00001	fn
414	1	   0.00001	dw
415	1	   0.00001	ez
416	1	   0.00001	40
417	1	   0.00001	hw
418	1	   0.00001	ox
419	1	   0.00001	nm
420	1	   0.00001	dq
421	1	   0.00001	ml
422	1	   0.00001	vy
423	1	   0.00001	72
424	1	   0.00001	wy
425	1	   0.00001	nr
426	1	   0.00001	73
427	1	   0.00001	74
428	1	   0.00001	és
