1	52	   0.09171	1
2	32	   0.05644	2
3	24	   0.04233	3
4	23	   0.04056	4
5	12	   0.02116	5
6	10	   0.01764	6
7	9	   0.01587	7
8	10	   0.01764	8
9	13	   0.02293	9
10	4	   0.00705	10
11	4	   0.00705	11
12	6	   0.01058	12
13	6	   0.01058	13
14	7	   0.01235	14
15	3	   0.00529	15
16	1	   0.00176	16
17	5	   0.00882	17
18	4	   0.00705	18
19	1	   0.00176	19
20	3	   0.00529	20
21	4	   0.00705	21
22	3	   0.00529	22
23	2	   0.00353	23
24	3	   0.00529	24
25	1	   0.00176	25
26	4	   0.00705	26
27	1	   0.00176	27
28	1	   0.00176	28
29	4	   0.00705	30
30	1	   0.00176	33
