1	584	   0.02994	en
2	440	   0.02256	er
3	375	   0.01922	ch
4	299	   0.01533	ge
5	286	   0.01466	he
6	285	   0.01461	te
7	235	   0.01205	ri
8	230	   0.01179	an
9	214	   0.01097	ei
10	198	   0.01015	ic
11	186	   0.00954	st
12	173	   0.00887	ie
13	169	   0.00866	ne
14	167	   0.00856	ma
15	167	   0.00856	li
16	163	   0.00836	be
17	158	   0.00810	ar
18	155	   0.00795	el
19	148	   0.00759	br
20	147	   0.00754	nn
21	147	   0.00754	de
22	143	   0.00733	le
23	139	   0.00713	sc
24	127	   0.00651	ab
25	120	   0.00615	re
26	118	   0.00605	nd
27	116	   0.00595	wi
28	113	   0.00579	il
29	111	   0.00569	eb
30	107	   0.00549	es
