1	61	   0.15136	1
2	33	   0.08189	2
3	27	   0.06700	3
4	19	   0.04715	4
5	19	   0.04715	5
6	8	   0.01985	6
7	21	   0.05211	7
8	4	   0.00993	8
9	9	   0.02233	9
10	9	   0.02233	10
11	8	   0.01985	11
12	8	   0.01985	12
13	9	   0.02233	13
14	5	   0.01241	14
15	7	   0.01737	15
16	11	   0.02730	16
17	4	   0.00993	17
18	1	   0.00248	18
19	3	   0.00744	19
20	6	   0.01489	20
21	4	   0.00993	21
22	6	   0.01489	22
23	2	   0.00496	23
24	2	   0.00496	24
25	2	   0.00496	25
26	3	   0.00744	26
27	5	   0.01241	27
28	5	   0.01241	28
29	4	   0.00993	29
30	4	   0.00993	30
