1	2001	   0.02699	li
2	1013	   0.01366	in
3	968	   0.01306	er
4	867	   0.01170	ar
5	857	   0.01156	om
6	764	   0.01031	ie
7	761	   0.01027	il
8	759	   0.01024	ng
9	723	   0.00975	es
10	707	   0.00954	en
11	696	   0.00939	st
12	694	   0.00936	an
13	686	   0.00925	te
14	651	   0.00878	io
15	608	   0.00820	re
16	588	   0.00793	ul
17	579	   0.00781	ma
18	572	   0.00772	se
19	567	   0.00765	ea
20	559	   0.00754	on
21	557	   0.00751	ll
22	528	   0.00712	th
23	515	   0.00695	ri
24	500	   0.00674	ou
25	497	   0.00670	ic
26	496	   0.00669	at
27	457	   0.00616	us
28	453	   0.00611	ne
29	453	   0.00611	nd
30	452	   0.00610	me
