1	3150	   0.46235	1
2	1095	   0.16072	2
3	585	   0.08587	3
4	373	   0.05475	4
5	249	   0.03655	5
6	214	   0.03141	6
7	144	   0.02114	7
8	115	   0.01688	8
9	84	   0.01233	9
10	61	   0.00895	10
11	56	   0.00822	11
12	54	   0.00793	12
13	33	   0.00484	13
14	47	   0.00690	14
15	31	   0.00455	15
16	37	   0.00543	16
17	27	   0.00396	17
18	23	   0.00338	18
19	14	   0.00205	19
20	11	   0.00161	20
21	16	   0.00235	21
22	15	   0.00220	22
23	19	   0.00279	23
24	13	   0.00191	24
25	15	   0.00220	25
26	10	   0.00147	26
27	8	   0.00117	27
28	9	   0.00132	28
29	7	   0.00103	29
30	13	   0.00191	30
31	11	   0.00161	31
32	11	   0.00161	32
33	10	   0.00147	33
34	12	   0.00176	34
35	3	   0.00044	35
36	9	   0.00132	36
37	8	   0.00117	37
38	7	   0.00103	38
39	6	   0.00088	39
40	4	   0.00059	40
41	6	   0.00088	41
42	6	   0.00088	42
43	4	   0.00059	43
44	6	   0.00088	44
45	2	   0.00029	45
46	6	   0.00088	46
47	2	   0.00029	47
48	2	   0.00029	48
49	2	   0.00029	49
50	2	   0.00029	50
51	3	   0.00044	51
52	4	   0.00059	52
53	2	   0.00029	53
54	1	   0.00015	55
55	1	   0.00015	56
56	3	   0.00044	58
57	2	   0.00029	59
58	1	   0.00015	60
59	6	   0.00088	61
60	4	   0.00059	62
61	2	   0.00029	63
62	2	   0.00029	64
63	2	   0.00029	65
64	3	   0.00044	67
65	4	   0.00059	68
66	1	   0.00015	69
67	1	   0.00015	71
68	2	   0.00029	72
69	2	   0.00029	73
70	1	   0.00015	74
71	3	   0.00044	75
72	2	   0.00029	76
73	3	   0.00044	77
74	1	   0.00015	78
75	1	   0.00015	79
76	2	   0.00029	81
77	1	   0.00015	83
78	2	   0.00029	84
79	2	   0.00029	85
80	2	   0.00029	86
81	1	   0.00015	87
82	2	   0.00029	88
83	1	   0.00015	89
84	2	   0.00029	90
85	1	   0.00015	92
86	1	   0.00015	93
87	2	   0.00029	94
88	1	   0.00015	95
89	2	   0.00029	97
90	1	   0.00015	99
91	1	   0.00015	101
92	2	   0.00029	102
93	2	   0.00029	103
94	2	   0.00029	105
95	1	   0.00015	106
96	1	   0.00015	107
97	3	   0.00044	109
98	1	   0.00015	111
99	1	   0.00015	112
100	2	   0.00029	113
101	1	   0.00015	115
102	1	   0.00015	117
103	1	   0.00015	118
104	2	   0.00029	124
105	1	   0.00015	125
106	1	   0.00015	127
107	1	   0.00015	130
108	1	   0.00015	134
109	1	   0.00015	141
110	1	   0.00015	142
111	1	   0.00015	145
112	1	   0.00015	147
113	1	   0.00015	153
114	1	   0.00015	154
115	1	   0.00015	156
116	1	   0.00015	159
117	2	   0.00029	161
118	2	   0.00029	164
119	1	   0.00015	167
120	1	   0.00015	183
121	1	   0.00015	184
122	1	   0.00015	189
123	1	   0.00015	190
124	1	   0.00015	191
125	1	   0.00015	195
126	1	   0.00015	199
127	1	   0.00015	200
128	1	   0.00015	203
129	1	   0.00015	219
130	1	   0.00015	220
131	1	   0.00015	228
132	1	   0.00015	241
133	1	   0.00015	261
134	1	   0.00015	275
135	1	   0.00015	281
136	1	   0.00015	299
137	1	   0.00015	302
138	1	   0.00015	324
139	1	   0.00015	325
140	1	   0.00015	339
141	1	   0.00015	341
142	1	   0.00015	349
143	1	   0.00015	356
144	1	   0.00015	360
145	1	   0.00015	367
146	1	   0.00015	378
147	1	   0.00015	400
148	1	   0.00015	436
149	1	   0.00015	456
150	1	   0.00015	460
151	1	   0.00015	469
152	1	   0.00015	511
153	1	   0.00015	529
154	1	   0.00015	538
155	1	   0.00015	606
156	1	   0.00015	687
157	1	   0.00015	724
158	1	   0.00015	757
159	1	   0.00015	808
160	1	   0.00015	809
161	1	   0.00015	817
162	1	   0.00015	1286
163	1	   0.00015	1409
164	1	   0.00015	1825
165	1	   0.00015	1967
166	1	   0.00015	2376
167	1	   0.00015	4189
