1	1625	   0.60007	1
2	415	   0.15325	2
3	175	   0.06462	3
4	97	   0.03582	4
5	76	   0.02806	5
6	47	   0.01736	6
7	24	   0.00886	7
8	25	   0.00923	8
9	16	   0.00591	9
10	22	   0.00812	10
11	12	   0.00443	11
12	18	   0.00665	12
13	8	   0.00295	13
14	5	   0.00185	14
15	12	   0.00443	15
16	4	   0.00148	16
17	2	   0.00074	17
18	6	   0.00222	18
19	5	   0.00185	19
20	3	   0.00111	20
21	7	   0.00258	21
22	5	   0.00185	22
23	2	   0.00074	23
24	5	   0.00185	24
25	1	   0.00037	25
26	4	   0.00148	26
27	5	   0.00185	27
28	5	   0.00185	28
29	2	   0.00074	29
30	4	   0.00148	30
31	5	   0.00185	31
32	1	   0.00037	32
33	5	   0.00185	33
34	2	   0.00074	34
35	2	   0.00074	35
36	1	   0.00037	36
37	3	   0.00111	37
38	2	   0.00074	38
39	1	   0.00037	39
40	3	   0.00111	40
41	1	   0.00037	41
42	2	   0.00074	42
43	3	   0.00111	44
44	2	   0.00074	45
45	1	   0.00037	46
46	1	   0.00037	47
47	1	   0.00037	48
48	1	   0.00037	51
49	1	   0.00037	52
50	1	   0.00037	54
51	1	   0.00037	55
52	1	   0.00037	56
53	1	   0.00037	61
54	1	   0.00037	62
55	1	   0.00037	63
56	1	   0.00037	65
57	1	   0.00037	73
58	1	   0.00037	76
59	1	   0.00037	79
60	1	   0.00037	82
61	1	   0.00037	85
62	2	   0.00074	86
63	1	   0.00037	89
64	1	   0.00037	90
65	1	   0.00037	95
66	1	   0.00037	96
67	1	   0.00037	109
68	1	   0.00037	112
69	1	   0.00037	115
70	1	   0.00037	118
71	1	   0.00037	140
72	2	   0.00074	154
73	1	   0.00037	166
74	1	   0.00037	169
75	1	   0.00037	178
76	1	   0.00037	193
77	1	   0.00037	200
78	1	   0.00037	248
79	1	   0.00037	317
80	1	   0.00037	442
