1	1277	   0.48408	1
2	418	   0.15845	2
3	218	   0.08264	3
4	130	   0.04928	4
5	85	   0.03222	5
6	57	   0.02161	6
7	56	   0.02123	7
8	26	   0.00986	8
9	28	   0.01061	9
10	19	   0.00720	10
11	27	   0.01024	11
12	22	   0.00834	12
13	21	   0.00796	13
14	11	   0.00417	14
15	16	   0.00607	15
16	12	   0.00455	16
17	12	   0.00455	17
18	9	   0.00341	18
19	5	   0.00190	19
20	7	   0.00265	20
21	6	   0.00227	21
22	6	   0.00227	22
23	7	   0.00265	23
24	5	   0.00190	24
25	3	   0.00114	25
26	4	   0.00152	26
27	6	   0.00227	27
28	6	   0.00227	28
29	1	   0.00038	29
30	4	   0.00152	30
31	2	   0.00076	31
32	5	   0.00190	32
33	5	   0.00190	33
34	3	   0.00114	34
35	1	   0.00038	35
36	3	   0.00114	36
37	2	   0.00076	37
38	6	   0.00227	38
39	1	   0.00038	39
40	1	   0.00038	40
41	4	   0.00152	41
42	3	   0.00114	42
43	2	   0.00076	43
44	4	   0.00152	46
45	1	   0.00038	48
46	3	   0.00114	49
47	1	   0.00038	50
48	1	   0.00038	51
49	1	   0.00038	52
50	2	   0.00076	53
51	1	   0.00038	54
52	1	   0.00038	55
53	3	   0.00114	56
54	2	   0.00076	57
55	2	   0.00076	58
56	1	   0.00038	59
57	1	   0.00038	60
58	2	   0.00076	63
59	1	   0.00038	64
60	2	   0.00076	66
61	1	   0.00038	67
62	1	   0.00038	70
63	1	   0.00038	71
64	1	   0.00038	73
65	1	   0.00038	74
66	2	   0.00076	75
67	1	   0.00038	76
68	1	   0.00038	77
69	2	   0.00076	78
70	1	   0.00038	80
71	1	   0.00038	81
72	1	   0.00038	83
73	1	   0.00038	87
74	1	   0.00038	92
75	2	   0.00076	95
76	1	   0.00038	97
77	2	   0.00076	103
78	1	   0.00038	104
79	1	   0.00038	105
80	1	   0.00038	107
81	1	   0.00038	108
82	2	   0.00076	109
83	1	   0.00038	117
84	1	   0.00038	120
85	1	   0.00038	121
86	1	   0.00038	123
87	1	   0.00038	125
88	2	   0.00076	129
89	1	   0.00038	132
90	3	   0.00114	135
91	1	   0.00038	136
92	1	   0.00038	141
93	1	   0.00038	142
94	1	   0.00038	147
95	2	   0.00076	152
96	1	   0.00038	154
97	1	   0.00038	163
98	2	   0.00076	169
99	2	   0.00076	176
100	1	   0.00038	184
101	1	   0.00038	238
102	1	   0.00038	272
103	1	   0.00038	274
104	1	   0.00038	276
105	1	   0.00038	288
106	1	   0.00038	297
107	1	   0.00038	353
108	1	   0.00038	354
109	1	   0.00038	423
110	1	   0.00038	513
111	1	   0.00038	525
112	1	   0.00038	553
113	1	   0.00038	567
114	1	   0.00038	572
115	1	   0.00038	891
116	1	   0.00038	1127
