1	4	   0.10256	1
2	2	   0.05128	2
3	1	   0.02564	3
4	1	   0.02564	5
5	1	   0.02564	6
6	3	   0.07692	17
7	1	   0.02564	155
8	1	   0.02564	178
9	1	   0.02564	224
10	1	   0.02564	228
11	1	   0.02564	306
12	1	   0.02564	307
13	1	   0.02564	310
14	1	   0.02564	354
15	1	   0.02564	569
16	1	   0.02564	649
17	1	   0.02564	652
18	1	   0.02564	772
19	1	   0.02564	875
20	1	   0.02564	1092
21	1	   0.02564	1133
22	1	   0.02564	1189
23	1	   0.02564	1216
24	1	   0.02564	1602
25	1	   0.02564	1969
26	1	   0.02564	2066
27	1	   0.02564	2117
28	1	   0.02564	2131
29	1	   0.02564	2262
30	1	   0.02564	2837
31	1	   0.02564	3225
32	1	   0.02564	3724
33	1	   0.02564	6044
