1	7738	   0.07834	e
2	5465	   0.05533	i
3	5084	   0.05147	l
4	4640	   0.04697	o
5	4600	   0.04657	s
6	4442	   0.04497	a
7	4140	   0.04191	r
8	4135	   0.04186	t
9	3885	   0.03933	n
10	2548	   0.02579	m
11	2359	   0.02388	d
12	2312	   0.02341	u
13	1999	   0.02024	c
14	1980	   0.02004	g
15	1853	   0.01876	h
16	1305	   0.01321	p
17	1280	   0.01296	y
18	1148	   0.01162	k
19	1120	   0.01134	w
20	1069	   0.01082	f
21	788	   0.00798	b
22	516	   0.00522	v
23	478	   0.00484	j
24	148	   0.00150	x
25	71	   0.00072	z
26	61	   0.00062	q
27	22	   0.00022	1
28	14	   0.00014	9
29	8	   0.00008	0
30	7	   0.00007	4
31	7	   0.00007	ë
32	6	   0.00006	2
33	5	   0.00005	7
34	3	   0.00003	ö
35	3	   0.00003	6
36	3	   0.00003	é
37	2	   0.00002	è
38	2	   0.00002	8
39	2	   0.00002	3
40	1	   0.00001	﻿
41	1	   0.00001	ô
42	1	   0.00001	ï
