1	1274	   0.50616	1
2	415	   0.16488	2
3	214	   0.08502	3
4	129	   0.05125	4
5	82	   0.03258	5
6	56	   0.02225	6
7	53	   0.02106	7
8	25	   0.00993	8
9	24	   0.00954	9
10	18	   0.00715	10
11	25	   0.00993	11
12	20	   0.00795	12
13	19	   0.00755	13
14	10	   0.00397	14
15	14	   0.00556	15
16	12	   0.00477	16
17	10	   0.00397	17
18	9	   0.00358	18
19	4	   0.00159	19
20	6	   0.00238	20
21	5	   0.00199	21
22	6	   0.00238	22
23	6	   0.00238	23
24	5	   0.00199	24
25	3	   0.00119	25
26	3	   0.00119	26
27	3	   0.00119	27
28	5	   0.00199	28
29	1	   0.00040	29
30	3	   0.00119	30
31	2	   0.00079	31
32	3	   0.00119	32
33	1	   0.00040	33
34	2	   0.00079	34
35	1	   0.00040	35
36	1	   0.00040	36
37	2	   0.00079	37
38	4	   0.00159	38
39	1	   0.00040	39
40	1	   0.00040	40
41	3	   0.00119	41
42	1	   0.00040	42
43	1	   0.00040	43
44	1	   0.00040	46
45	1	   0.00040	48
46	3	   0.00119	49
47	1	   0.00040	50
48	1	   0.00040	51
49	1	   0.00040	54
50	1	   0.00040	55
51	1	   0.00040	57
52	1	   0.00040	59
53	1	   0.00040	60
54	1	   0.00040	63
55	1	   0.00040	64
56	2	   0.00079	66
57	1	   0.00040	70
58	1	   0.00040	71
59	1	   0.00040	73
60	1	   0.00040	74
61	1	   0.00040	77
62	2	   0.00079	78
63	1	   0.00040	80
64	1	   0.00040	95
65	1	   0.00040	103
66	1	   0.00040	104
67	1	   0.00040	107
68	1	   0.00040	120
69	1	   0.00040	121
70	1	   0.00040	135
71	1	   0.00040	169
72	1	   0.00040	176
73	1	   0.00040	423
74	1	   0.00040	567
