1	26801	   0.09055	e
2	15379	   0.05196	r
3	14246	   0.04813	t
4	14006	   0.04732	s
5	13970	   0.04720	a
6	13910	   0.04700	n
7	13213	   0.04464	i
8	12345	   0.04171	o
9	9837	   0.03324	l
10	9048	   0.03057	d
11	7631	   0.02578	u
12	7443	   0.02515	c
13	5405	   0.01826	g
14	5361	   0.01811	p
15	5108	   0.01726	m
16	5082	   0.01717	h
17	3976	   0.01343	y
18	3464	   0.01170	f
19	3216	   0.01087	w
20	2910	   0.00983	b
21	2488	   0.00841	v
22	1752	   0.00592	k
23	642	   0.00217	x
24	585	   0.00198	0
25	498	   0.00168	q
26	191	   0.00065	j
27	171	   0.00058	$
28	167	   0.00056	z
29	164	   0.00055	1
30	153	   0.00052	2
