1	6044	   0.10481	e
2	3724	   0.06458	n
3	3225	   0.05593	t
4	2837	   0.04920	r
5	2262	   0.03923	h
6	2131	   0.03695	i
7	2117	   0.03671	s
8	2066	   0.03583	a
9	1969	   0.03415	l
10	1602	   0.02778	g
11	1216	   0.02109	m
12	1189	   0.02062	d
13	1133	   0.01965	c
14	1092	   0.01894	u
15	875	   0.01517	b
16	772	   0.01339	o
17	652	   0.01131	w
18	649	   0.01125	f
19	569	   0.00987	k
20	354	   0.00614	j
21	310	   0.00538	ä
22	307	   0.00532	z
23	306	   0.00531	v
24	228	   0.00395	ü
25	224	   0.00388	ß
26	178	   0.00309	p
27	155	   0.00269	ö
28	17	   0.00029	»
29	17	   0.00029	«
30	17	   0.00029	q
