1	2	   0.04444	1
2	1	   0.02222	2
3	1	   0.02222	4
4	1	   0.02222	6
5	1	   0.02222	31
6	1	   0.02222	34
7	1	   0.02222	55
8	1	   0.02222	65
9	1	   0.02222	76
10	1	   0.02222	77
11	1	   0.02222	87
12	1	   0.02222	96
13	1	   0.02222	118
14	1	   0.02222	130
15	1	   0.02222	153
16	1	   0.02222	164
17	1	   0.02222	167
18	1	   0.02222	171
19	1	   0.02222	191
20	1	   0.02222	498
21	1	   0.02222	585
22	1	   0.02222	642
23	1	   0.02222	1752
24	1	   0.02222	2488
25	1	   0.02222	2910
26	1	   0.02222	3216
27	1	   0.02222	3464
28	1	   0.02222	3976
29	1	   0.02222	5082
30	1	   0.02222	5108
