1	2440	   0.09809	e
2	1344	   0.05403	n
3	1063	   0.04273	r
4	983	   0.03952	i
5	976	   0.03923	a
6	970	   0.03899	t
7	868	   0.03489	h
8	837	   0.03365	l
9	741	   0.02979	s
10	587	   0.02360	g
11	536	   0.02155	m
12	517	   0.02078	c
13	463	   0.01861	b
14	403	   0.01620	u
15	313	   0.01258	f
16	308	   0.01238	w
17	304	   0.01222	d
18	220	   0.00884	o
19	203	   0.00816	k
20	150	   0.00603	z
21	116	   0.00466	ü
22	106	   0.00426	ä
23	82	   0.00330	ß
24	77	   0.00310	v
25	57	   0.00229	p
26	44	   0.00177	ö
27	21	   0.00084	j
28	4	   0.00016	q
29	3	   0.00012	y
30	2	   0.00008	7
