1	3	   0.07143	1
2	3	   0.07143	2
3	3	   0.07143	3
4	1	   0.02381	5
5	1	   0.02381	6
6	2	   0.04762	7
7	1	   0.02381	8
8	1	   0.02381	14
9	1	   0.02381	22
10	1	   0.02381	61
11	1	   0.02381	71
12	1	   0.02381	148
13	1	   0.02381	478
14	1	   0.02381	516
15	1	   0.02381	788
16	1	   0.02381	1069
17	1	   0.02381	1120
18	1	   0.02381	1148
19	1	   0.02381	1280
20	1	   0.02381	1305
21	1	   0.02381	1853
22	1	   0.02381	1980
23	1	   0.02381	1999
24	1	   0.02381	2312
25	1	   0.02381	2359
26	1	   0.02381	2548
27	1	   0.02381	3885
28	1	   0.02381	4135
29	1	   0.02381	4140
30	1	   0.02381	4442
