1	3	   0.09091	1
2	1	   0.03030	2
3	1	   0.03030	3
4	1	   0.03030	4
5	1	   0.03030	21
6	1	   0.03030	44
7	1	   0.03030	57
8	1	   0.03030	77
9	1	   0.03030	82
10	1	   0.03030	106
11	1	   0.03030	116
12	1	   0.03030	150
13	1	   0.03030	203
14	1	   0.03030	220
15	1	   0.03030	304
16	1	   0.03030	308
17	1	   0.03030	313
18	1	   0.03030	403
19	1	   0.03030	463
20	1	   0.03030	517
21	1	   0.03030	536
22	1	   0.03030	587
23	1	   0.03030	741
24	1	   0.03030	837
25	1	   0.03030	868
26	1	   0.03030	970
27	1	   0.03030	976
28	1	   0.03030	983
29	1	   0.03030	1063
30	1	   0.03030	1344
31	1	   0.03030	2440
